0.3065625 0.00958436988993 -9.93933456302 0.000222896001466 1.85703024165e-05 0.000371493319521
0.287403568011 0.114963386022 -9.94890996337 0.000204308245624 3.7140604833e-05 0.000371493319521
0.287403568011 0.0143716497975 -9.94890996337 0.000315764983228 5.57283647387e-05 0.000352905579934
0.234714051951 -0.0622738790978 -10.0063962793 0.000167167632663 3.7140604833e-05 0.000334335265326
0.292190847918 0.0479022315843 -9.94412226319 5.57283647387e-05 7.42986671552e-05 0.000315764983228
0.282616288103 0.129335038103 -9.94890996337 0.000222896001466 1.85703024165e-05 0.000352905579934
0.287403568011 -0.0479022315843 -9.9920249927 0.000260036598171 5.57283647387e-05 0.000390063634129
0.277819195837 -0.0574767913995 -9.97765253663 7.42986671552e-05 0.000111439271988 0.000352905579934
0.301775220092 0.0862200909946 -10.0159705102 7.42986671552e-05 5.57283647387e-05 0.000352905579934
0.263447543755 0.124537945837 -9.9536964941 0.000315764983228 3.7140604833e-05 0.000334335265326
0.277819195837 -0.081432811087 -9.97765253663 0.000297194668621 5.57283647387e-05 0.000390063634129
0.282616288103 -0.0383178594103 -10.0351294971 0.00014859733431 0.0 0.000352905579934
0.364039277695 0.071848438913 -9.98244023681 0.00014859733431 7.42986671552e-05 0.000352905579934
0.316146853901 0.105379022984 -9.9728660059 0.000241466299818 1.85703024165e-05 0.000371493319521
0.287403568011 -0.0335305795027 -9.99681152344 0.000334335265326 1.85703024165e-05 0.000297194668621
0.296978127826 -0.0574767913995 -9.96328125 0.00014859733431 7.42986671552e-05 0.000371493319521
0.296978127826 0.0526895114919 -9.98722793698 0.0 0.00014859733431 0.000260036598171
0.287403568011 0.124537945837 -9.94412226319 0.000241466299818 5.57283647387e-05 0.000408633948736
0.263447543755 -0.0431149516767 -9.94412226319 0.000278606896524 5.57283647387e-05 0.000315764983228
0.258660263848 -0.0287432995951 -9.9920249927 0.000204308245624 3.7140604833e-05 0.000352905579934
0.296978127826 0.0574767913995 -9.9728660059 0.000185737931016 3.7140604833e-05 0.000334335265326
0.292190847918 0.081432811087 -9.96806895018 0.000222896001466 3.7140604833e-05 0.000352905579934
0.268244636022 -0.0766357188206 -9.96806895018 0.000241466299818 3.7140604833e-05 0.000371493319521
0.292190847918 -0.0239462096128 -9.99681152344 0.000204308245624 -9.2868965508e-05 0.000371493319521
0.296978127826 0.0862200909946 -9.96806895018 0.000111439271988 5.57283647387e-05 0.000315764983228
0.316146853901 0.081432811087 -9.9920249927 0.000204308245624 0.000111439271988 0.000408633948736
0.301775220092 -0.0479022315843 -10.0015992236 0.000222896001466 1.85703024165e-05 0.000371493319521
0.258660263848 -0.0239462096128 -9.92016622066 0.000185737931016 5.57283647387e-05 0.000371493319521
0.296978127826 0.0383178594103 -9.91059198976 0.000222896001466 7.42986671552e-05 0.000390063634129
0.268244636022 0.0191589297052 -10.0015992236 0.000222896001466 1.85703024165e-05 0.000352905579934
0.287403568011 -0.0191589297052 -9.96328125 0.000185737931016 0.0 0.000352905579934
0.320934152082 0.0239462096128 -9.9536964941 0.000185737931016 3.7140604833e-05 0.000371493319521
0.292190847918 0.0479022315843 -9.96806895018 0.000260036598171 0.0 0.000390063634129
0.282616288103 -0.0574767913995 -9.99681152344 0.000241466299818 5.57283647387e-05 0.000371493319521
0.316146853901 0.0191589297052 -9.96806895018 0.00014859733431 1.85703024165e-05 0.000315764983228
0.292190847918 0.071848438913 -10.0399171972 0.000185737931016 0.0 0.000390063634129
0.325721413717 0.00478727990761 -9.91537852049 0.000222896001466 5.57283647387e-05 0.000334335265326
0.277819195837 0.0143716497975 -9.9920249927 0.000185737931016 0.0 0.000371493319521
0.301775220092 -0.00958436988993 -10.0303429663 0.00014859733431 5.57283647387e-05 0.000352905579934
0.292190847918 0.0479022315843 -9.95849354982 0.000167167632663 5.57283647387e-05 0.000352905579934
0.316146853901 0.0287432995951 -9.96328125 0.00014859733431 7.42986671552e-05 0.000352905579934
0.263447543755 0.0 -10.0351294971 0.000111439271988 0.00013002702783 0.000352905579934
0.301775220092 -0.00958436988993 -9.98244023681 0.000167167632663 7.42986671552e-05 0.000352905579934
0.263447543755 0.071848438913 -9.96328125 0.000204308245624 5.57283647387e-05 0.000371493319521
0.296978127826 0.0191589297052 -10.0015992236 0.000204308245624 7.42986671552e-05 0.000315764983228
0.268244636022 -0.0239462096128 -9.97765253663 0.000222896001466 0.0 0.000371493319521
0.263447543755 0.0383178594103 -9.96328125 0.00014859733431 7.42986671552e-05 0.000352905579934
0.282616288103 0.0526895114919 -9.97765253663 0.000204308245624 3.7140604833e-05 0.000408633948736
0.292190847918 0.0191589297052 -9.94890996337 0.000278606896524 5.57283647387e-05 0.000408633948736
0.287403568011 0.0143716497975 -9.95849354982 0.000167167632663 5.57283647387e-05 0.000352905579934
0.282616288103 0.0191589297052 -9.98722793698 0.00013002702783 9.2868965508e-05 0.000278606896524
0.234714051951 0.0191589297052 -9.98722793698 0.000204308245624 5.57283647387e-05 0.000390063634129
0.277819195837 -0.00478727990761 -9.98722793698 0.000222896001466 3.7140604833e-05 0.000334335265326
0.273031915929 0.0287432995951 -9.97765253663 0.000185737931016 3.7140604833e-05 0.000352905579934
0.263447543755 0.0383178594103 -9.99681152344 0.000185737931016 5.57283647387e-05 0.000334335265326
0.249085704032 0.00478727990761 -9.9536964941 0.000241466299818 3.7140604833e-05 0.000334335265326
0.296978127826 -0.00958436988993 -9.99681152344 0.000222896001466 5.57283647387e-05 0.000334335265326
0.287403568011 0.00958436988993 -9.9728660059 0.000111439271988 0.00014859733431 0.000334335265326
0.301775220092 0.0191589297052 -10.0015992236 0.000241466299818 5.57283647387e-05 0.000334335265326
0.282616288103 0.00478727990761 -9.94890996337 0.000222896001466 0.0 0.000371493319521
0.282616288103 0.0 -9.9728660059 0.000185737931016 3.7140604833e-05 0.000315764983228
0.292190847918 0.0574767913995 -10.0207582104 0.00014859733431 7.42986671552e-05 0.000390063634129
0.292190847918 0.0479022315843 -9.97765253663 0.000222896001466 7.42986671552e-05 0.000315764983228
0.244288611766 0.00958436988993 -10.0207582104 0.000278606896524 5.57283647387e-05 0.000371493319521
0.296978127826 0.0191589297052 -10.0063962793 0.000222896001466 7.42986671552e-05 0.000352905579934
0.31134979818 0.0383178594103 -10.0159705102 0.000204308245624 7.42986671552e-05 0.000371493319521
0.239501331858 0.0383178594103 -9.9536964941 0.000185737931016 1.85703024165e-05 0.000334335265326
0.244288611766 -0.0383178594103 -10.0015992236 0.00014859733431 1.85703024165e-05 0.000352905579934
0.292190847918 0.0239462096128 -9.9728660059 0.000185737931016 7.42986671552e-05 0.000315764983228
0.273031915929 0.081432811087 -9.9728660059 0.000185737931016 1.85703024165e-05 0.000334335265326
0.25387298394 -0.0239462096128 -9.99681152344 0.000241466299818 5.57283647387e-05 0.000297194668621
0.263447543755 -0.00478727990761 -9.98722793698 0.00014859733431 9.2868965508e-05 0.000352905579934
0.325721413717 0.0335305795027 -9.9536964941 0.00014859733431 9.2868965508e-05 0.000334335265326
0.316146853901 0.0143716497975 -9.96328125 9.2868965508e-05 7.42986671552e-05 0.000315764983228
0.282616288103 0.0 -9.9536964941 0.000204308245624 7.42986671552e-05 0.000352905579934
0.292190847918 -0.0287432995951 -10.0111839795 0.000185737931016 1.85703024165e-05 0.000352905579934
0.268244636022 0.0479022315843 -9.9728660059 0.000167167632663 7.42986671552e-05 0.000315764983228
0.277819195837 -0.00478727990761 -9.98244023681 0.000204308245624 3.7140604833e-05 0.000445774545442
0.282616288103 0.0 -10.0063962793 0.000222896001466 3.7140604833e-05 0.000371493319521
0.268244636022 0.0383178594103 -10.0111839795 0.00014859733431 0.000111439271988 0.000334335265326
0.301775220092 0.00958436988993 -9.95849354982 0.000278606896524 -1.85703024165e-05 0.000371493319521
0.282616288103 0.0383178594103 -9.9728660059 0.000204308245624 5.57283647387e-05 0.000315764983228
0.277819195837 0.0143716497975 -9.98722793698 0.000185737931016 7.42986671552e-05 0.000371493319521
0.263447543755 -0.0143716497975 -9.99681152344 0.000185737931016 1.85703024165e-05 0.000408633948736
0.296978127826 0.0622738790978 -9.96328125 0.000167167632663 3.7140604833e-05 0.000352905579934
0.258660263848 0.0335305795027 -9.99681152344 0.000204308245624 1.85703024165e-05 0.000352905579934
0.287403568011 -0.0335305795027 -9.96328125 0.000241466299818 5.57283647387e-05 0.000390063634129
0.287403568011 -0.0143716497975 -10.0351294971 0.00014859733431 1.85703024165e-05 0.000371493319521
0.282616288103 0.00958436988993 -9.97765253663 0.000185737931016 7.42986671552e-05 0.000352905579934
0.287403568011 -0.00478727990761 -9.93933456302 0.000278606896524 1.85703024165e-05 0.000390063634129
0.335305804163 -0.00478727990761 -9.9728660059 0.000204308245624 3.7140604833e-05 0.000315764983228
0.282616288103 0.00958436988993 -10.0207582104 0.00013002702783 7.42986671552e-05 0.000390063634129
0.70892943576 24.9129955029 -10.6722105396 0.0317433676015 0.000650100248555 0.0231063450346
-0.785565163717 -31.6286279297 -12.6840257764 0.068093130039 0.0124818792072 0.00544225083077
-2.39502318576 7.62574452639 -17.1100230396 -0.0244065439712 -0.038040027089 0.00642668624712
-6.58630663455 -0.699345118403 -11.8122410059 -0.0236450047351 -0.028121391537 0.0142092835126
-10.9404457104 1.28852386996 -35.6235228467 0.0252795240154 -0.0237935841568 -0.00560941828463
2.06929190487 -11.5823132837 -9.39327127934 -0.00144879786393 -0.00371484600529 -0.00393774192549
1.7531548816 3.10874002934 4.291875 -0.00260040099422 0.0123890097866 0.00221033736009
8.20533925295 -6.40428164184 4.9720611316 -0.00492217760191 0.0231806430678 0.00343623904375
10.1884107471 -0.785565163717 5.38400273681 -0.005683716838 0.00871132216058 -0.00330621202405
-0.81430846788 -1.46096410677 -0.694557783678 -0.00884133175531 0.00130020049711 0.0038262852529
4.2056548816 0.392782581858 -5.28819844723 -0.00798692361873 0.001095874794 0.000167167632663
-0.119750665929 -0.622709390447 -10.6338832104 -0.0105130083745 -0.00482930870143 -0.000408633948736
-0.0526895114919 0.071848438913 -11.9990525293 -0.0114974437909 -0.000891566515864 0.0012259018137
0.0910073709022 -1.1064993158 -11.7930714941 -0.0122775710591 -0.00146736808101 -0.0012259018137
0.76640625 5.01996327639 -12.8804127002 -0.0123890097866 -0.00209888055747 0.000631529966456
1.20230382465 -0.838254716322 -10.9404457104 0.00124447216082 0.00170883447835 0.0
-1.51844092101 3.53984032899 -11.4002894604 0.00514505609713 -0.00230320626058 0.00343623904375
0.225129698049 -0.225129698049 -12.3008179736 0.00659385370098 0.000594371847243 0.000835838179571
1.97349726319 -0.938846413717 -7.49162226319 0.00601805226587 0.00111446256609 -0.000817267897472
1.63340419739 -0.301775220092 -10.2075697339 0.00445781541441 0.000520073196343 0.000872996233766
0.35925201606 -1.16397613004 -10.293790437 0.00267468212261 -0.00061294219436 0.000631529966456
0.651442827433 -1.89685181424 -10.3369054663 0.00180170337884 9.2868965508e-05 0.0
-0.41194153212 -1.45137964323 -9.67109062135 -0.000798697550356 -0.0010773045119 0.000482932599637
-0.895741324648 -0.373623668142 -10.6578392529 -0.000835838179571 0.000334335265326 0.000538660968439
1.3124701184 -0.81430846788 -9.81 -0.00287900795576 0.000798697550356 0.000575801565145
-0.440684836283 -0.684973466322 -9.18729082882 -0.00477357997502 3.7140604833e-05 9.2868965508e-05
1.32684169739 -1.05859709792 -11.2422205102 -0.0058323144649 0.000872996233766 0.000334335265326
0.541276570223 1.46096410677 -11.1799464941 -0.00748542021685 -0.00133734106131 0.000111439271988
0.890944195837 1.30288565487 -10.0590855396 -0.000204308245624 0.00157880732861 0.00068724087777
-0.0958044631686 2.3662798816 -8.79450821042 0.00152307899232 -0.00148593842813 0.000761539496161
-1.2597805658 -0.40715423394 -11.0410377002 0.00469928142165 -3.7140604833e-05 0.000482932599637
2.30400601164 -0.292190847918 -9.07233690798 0.00326907158989 0.00174597504255 0.000705828584848
-1.16397613004 -1.61424535677 -8.84241035521 0.00141163974472 -3.7140604833e-05 -9.2868965508e-05
0.598753347918 -0.35925201606 -9.69503672361 0.000111439271988 0.000668670530653 0.00061294219436
0.0910073709022 -1.12087096788 -10.9548169971 -0.00208031034039 -0.000185737931016 7.42986671552e-05
0.641868304163 -0.948430804163 -9.51780937135 -0.00377057447162 -0.00014859733431 0.000315764983228
-0.124537945837 3.18058827639 -10.8206947339 -0.00170883447835 -0.000872996233766 0.000185737931016
1.32684169739 0.0958044631686 -9.78125684202 0.000854408461669 0.00141163974472 0.000520073196343
-0.25387298394 1.20230382465 -9.67109062135 0.00267468212261 0.000557231283047 0.000204308245624
-0.795149554163 -0.680186131597 -9.01006289184 0.00159737767573 -0.00102157611059 0.000185737931016
1.17834778212 -0.646655565798 -10.3848070264 0.000352905579934 0.000482932599637 0.000501502914244
0.622709390447 -1.24540898681 -10.1836242163 -0.00170883447835 -0.000835838179571 -0.000278606896524
0.617912261635 0.81430846788 -9.87706171632 -0.000835838179571 5.57283647387e-05 0.000817267897472
-0.3065625 -0.134122318011 -8.85678164184 -0.00014859733431 -7.42986671552e-05 -0.000204308245624
0.239501331858 -0.119750665929 -10.140509187 0.00204316964615 0.000724398931964 0.000408633948736
-0.536479477957 -0.584381695837 -10.3560632837 0.00100300582849 0.000111439271988 0.000724398931964
-0.584381695837 -0.124537945837 -8.66518300295 -0.000594371847243 -0.000668670530653 -0.000334335265326
0.752034597918 0.522117619962 -11.1560009766 -0.000185737931016 0.000185737931016 0.00014859733431
-0.229916977957 1.05380983628 -9.8387437427 0.000260036598171 -0.000464362285029 0.000371493319521
0.881369672567 0.220342418142 -10.3848070264 0.00068724087777 5.57283647387e-05 0.000538660968439
-0.368836369962 -1.48012294739 -8.98611678958 0.000371493319521 0.000408633948736 -0.000297194668621
-0.383198227957 -0.3065625 -10.4806019604 9.2868965508e-05 0.000427204230834 0.000260036598171
0.555648222305 1.03465092257 -10.399178313 0.000520073196343 0.000204308245624 -7.42986671552e-05
0.249085704032 0.603540646099 -9.05317792118 -5.57283647387e-05 -0.000705828584848 -3.7140604833e-05
1.25019624844 0.0431149516767 -9.02443476319 0.00117017347741 0.000464362285029 -7.42986671552e-05
0.110166302891 -0.0287432995951 -10.8877564502 -0.000222896001466 -0.00118874369449 -0.000185737931016
0.934059152082 0.172440181989 -10.2267287207 -0.000111439271988 -0.000427204230834 0.000538660968439
-0.277819195837 0.0383178594103 -8.99569160521 0.000167167632663 -0.000594371847243 -0.00104016388268
-0.948430804163 -0.780777902082 -10.5332912207 0.000724398931964 0.0 -0.00159737767573
-0.081432811087 0.531692179777 -10.423125 0.000464362285029 0.000315764983228 -0.000594371847243
0.210758045968 -0.225129698049 -9.46990664184 0.000185737931016 -1.85703024165e-05 -0.000557231283047
-0.287403568011 0.00478727990761 -9.51780937135 0.000111439271988 -0.000241466299818 -0.000761539496161
-0.330508711897 0.378410929777 -11.3811304736 -0.000260036598171 -0.00159737767573 -0.00161596544783
0.962802456245 -0.292190847918 -10.8159070337 -0.000334335265326 -0.000427204230834 0.000241466299818
0.479002663717 -0.296978127826 -9.77646914184 0.000538660968439 0.00128163014999 -0.00143021009183
1.70046532899 -1.0059076184 -9.60402948976 7.42986671552e-05 0.0012259018137 -0.00061294219436
-0.0766357188206 0.0479022315843 -10.092615813 0.000427204230834 0.000204308245624 -0.00102157611059
-0.292190847918 0.397569880038 -8.76097735226 0.000111439271988 -7.42986671552e-05 -0.000352905579934
-0.158068529908 0.574807136022 -10.0974035132 0.000668670530653 0.000761539496161 -0.00100300582849
0.0574767913995 0.45984375 -10.0638732398 0.00013002702783 -0.000928707145079 -0.000724398931964
0.986748631597 0.148493970092 -11.4769347632 0.000167167632663 -0.000984435481372 -0.000482932599637
0.129335038103 -1.11608370624 -9.44116348386 -0.000427204230834 -0.000204308245624 -0.000427204230834
2.02139955416 -0.799936815798 -10.6482544971 9.2868965508e-05 0.000742969214063 -0.000668670530653
-0.00478727990761 0.35446471788 -10.6865724707 0.000390063634129 0.000111439271988 -0.000501502914244
-0.536479477957 0.86221068576 -8.89509961545 0.000222896001466 -7.42986671552e-05 -0.000278606896524
-0.493374315798 0.00958436988993 -8.86636639774 0.000872996233766 0.000780109843278 -0.00195030074566
-0.421525886022 1.36515967101 -10.1548804736 -0.000334335265326 -0.000408633948736 -0.000352905579934
0.809521206245 0.210758045968 -10.399178313 1.85703024165e-05 0.000315764983228 -0.000780109843278
0.761618988365 -0.962802456245 -9.92975097656 3.7140604833e-05 -0.000594371847243 -0.000928707145079
0.929271890447 -0.86221068576 -11.0218787134 0.000371493319521 0.000482932599637 5.57283647387e-05
-0.325721413717 0.66102721788 -10.2506847632 7.42986671552e-05 -5.57283647387e-05 -0.0013930693976
0.555648222305 -0.0191589297052 -9.79084101319 -3.7140604833e-05 0.000891566515864 -0.00102157611059
-0.699345118403 0.570010043755 -8.2771875 0.000854408461669 0.000872996233766 -0.00295330650913
-1.36515967101 1.32684169739 -10.293790437 0.00014859733431 -0.000390063634129 -0.00436494651392
1.07296875 0.627496652082 -10.1884107471 -0.00014859733431 -0.000185737931016 -0.0039563122726
1.05859709792 -0.86221068576 -10.57640625 7.42986671552e-05 -0.000742969214063 -0.00403061108605
0.641868304163 -0.450259396099 -9.94412226319 -0.000872996233766 0.000798697550356 -0.00585088481201
1.3460006842 -0.962802456245 -10.6626257837 0.000482932599637 -0.000334335265326 -0.00520078430338
1.16397613004 -0.819095729515 -10.4566552734 0.000278606896524 0.00014859733431 -0.00423491923415
-0.00958436988993 0.40715423394 -9.08670877934 0.00128163014999 0.0012259018137 -0.00581372643272
-0.35925201606 1.42743354097 -10.0974035132 -0.00061294219436 -0.00061294219436 -0.00536795227739
-0.910103109553 3.02250997066 -9.25914901614 0.00014859733431 0.00154166676442 -0.00973289879132
-1.25499330416 1.59028931424 -9.60402948976 0.00204316964615 -0.000928707145079 -0.00781975564472
0.82388306424 -1.32684169739 -10.3416919971 0.00159737767573 0.00143021009183 -0.00794976523944
0.474215402082 -1.55197148681 -9.80521288455 0.00209888055747 -0.000111439271988 -0.00624094844614
0.689760727957 -0.0958044631686 -9.8387437427 0.00234034695481 -0.000297194668621 -0.00406775152021
-0.440684836283 -0.292190847918 -10.3033740234 0.000947277427177 -7.42986671552e-05 -0.00549797903702
0.378410929777 -0.752034597918 -9.92975097656 -0.00189457240937 0.000408633948736 -0.00596232405962
0.239501331858 5.28341074705 -10.3081617236 -0.00484787904854 -0.000854408461669 -0.0109216423558
-0.292190847918 -0.282616288103 -9.36452812135 0.00182027372596 -0.00113303278317 -0.0127233457346
0.277819195837 -0.186811834071 -11.9703087866 0.00323191347068 -0.000947277427177 -0.00739255131636
0.958005327433 -0.555648222305 -11.6158447266 0.0105873064077 0.000167167632663 0.00174597504255
1.08255314045 -2.49081797361 -9.16813184202 0.00711392692983 0.00200601165698 0.00113303278317
-0.517320527695 1.57113032743 -7.83650273681 0.00536795227739 -0.000204308245624 -0.00293473616202
0.35925201606 -1.4130618158 -10.4853990161 0.00453211396779 0.000278606896524 0.000910136862981
1.12565822951 -1.38431851164 -9.81478770018 0.00068724087777 0.000167167632663 0.000575801565145
-0.210758045968 -2.46687157899 -9.87706171632 -0.000520073196343 -0.00141163974472 -0.000705828584848
-0.210758045968 -2.00702782899 -10.8733839941 -0.00341765127166 1.85703024165e-05 0.00104016388268
0.469428103901 -1.18313504376 -10.092615813 -0.00508934505578 0.00013002702783 -0.000928707145079
3.47756660521 3.32907247066 -13.1103392529 -0.0417734418809 -0.00518221395627 -0.00120733146658
-1.25499330416 -3.22369365782 -12.9570580029 0.01352204335 -0.0105501667538 0.0059437537125
-4.08590419739 2.0261868158 -12.6696544898 0.00219176701297 0.00549797903702 0.0145807767996
9.48906562865 17.1962437427 -21.7276195264 -0.00484787904854 0.0188342663808 -0.00869273464856
5.25946464479 1.9064361316 9.81478770018 -0.00598089440673 0.0186113889259 0.00408633929231
-10.6099365234 4.38288223386 -12.1475367236 0.0137263514981 -0.00679816236923 -0.000445774545442
5.16844747066 -4.6846576184 -9.69983377934 0.00822838962596 0.0114974437909 -0.00369627565818
6.26058514774 -1.61424535677 -8.88072832882 0.00690961878174 -0.000501502914244 0.00144879786393
-2.99377646059 -2.65847080261 -8.64602401614 0.00445781541441 0.00130020049711 0.00180170337884
2.09324794739 -3.1853756842 -9.33578437865 -0.000167167632663 -0.0012259018137 0.000761539496161
-1.44180511996 -2.39981044739 -10.6913695264 -0.00235893472691 -0.00404918143317 0.00014859733431
0.656239956245 -0.819095729515 -11.1751599634 -0.00442067472018 -0.00208031034039 0.000482932599637
-0.747247336283 -1.36037226319 -11.0985240161 -0.00679816236923 -0.000947277427177 -5.57283647387e-05
0.402366972305 -0.934059152082 -10.3895947266 -0.00887849013459 -0.000427204230834 9.2868965508e-05
-1.12087096788 7.93230702639 -12.0182115161 -0.00354767829136 0.000427204230834 0.000204308245624
2.03097407743 3.41050547361 -8.95258651614 0.00183884394304 0.0012630423779 0.000111439271988
-0.35925201606 -1.44180511996 -9.82437128663 0.0045506843149 0.000910136862981 0.00115160313029
-0.167652902082 -1.2933111316 -9.76209785521 0.00401204073893 0.00180170337884 -9.2868965508e-05
1.48012294739 -1.57113032743 -8.78493339479 0.000705828584848 0.000427204230834 0.000650100248555
0.0335305795027 -1.47533568576 -9.72856699705 -0.00113303278317 -0.000464362285029 0.000705828584848
0.613125 -1.59028931424 -9.98244023681 -0.00408633929231 -9.2868965508e-05 5.57283647387e-05
-0.881369672567 3.92303848386 -10.859022063 -0.00228463591346 -0.00169024670626 0.000482932599637
1.22146273836 1.57113032743 -9.96328125 0.000965865199274 1.85703024165e-05 -7.42986671552e-05
0.0862200909946 -0.0526895114919 -10.5668214941 0.00293473616202 -0.000222896001466 0.00118874369449
-0.852626368403 -1.40827455416 -10.4135402441 0.00163453579494 0.00061294219436 0.000167167632663
0.991535966322 -1.31725738004 -9.23519297361 -0.00111446256609 0.000185737931016 0.000222896001466
-0.383198227957 1.57592738315 -10.6817847705 -0.00118874369449 -0.00111446256609 0.000650100248555
1.27415229097 0.622709390447 -9.44596053958 9.2868965508e-05 0.00131877084423 -0.000260036598171
0.502958706245 0.364039277695 -9.58007344723 0.00141163974472 -0.000501502914244 0.000984435481372
-0.316146853901 -1.05380983628 -10.8063234472 0.000761539496161 -0.000185737931016 0.000445774545442
0.584381695837 -0.646655565798 -9.76209785521 -0.000427204230834 9.2868965508e-05 0.000352905579934
-0.0191589297052 0.723291293755 -10.0495007837 -0.000352905579934 -0.000241466299818 0.000297194668621
0.344880363978 0.536479477957 -10.1261472559 0.00068724087777 3.7140604833e-05 0.000241466299818
0.148493970092 -0.387995320223 -9.9728660059 0.000631529966456 5.57283647387e-05 0.000594371847243
0.40715423394 -0.483789961897 -10.1213502002 3.7140604833e-05 -1.85703024165e-05 0.000204308245624
0.134122318011 0.210758045968 -9.99681152344 -0.000278606896524 0.000185737931016 0.000371493319521
0.483789961897 0.35446471788 -9.70462089479 0.000204308245624 5.57283647387e-05 0.000315764983228
0.182024554163 -0.105379022984 -10.0686597705 0.000631529966456 -0.00013002702783 0.000390063634129
0.31134979818 -0.320934152082 -9.98244023681 0.00014859733431 0.00014859733431 0.000352905579934
0.344880363978 -0.0766357188206 -9.87706171632 -7.42986671552e-05 -3.7140604833e-05 0.000278606896524
0.292190847918 0.229916977957 -10.0447142529 3.7140604833e-05 3.7140604833e-05 0.000297194668621
0.402366972305 0.134122318011 -10.0399171972 0.000315764983228 5.57283647387e-05 0.000408633948736
0.196396206245 -0.201183486152 -9.91537852049 0.000297194668621 0.000111439271988 0.000334335265326
0.373623668142 -0.100591743076 -10.0207582104 0.000222896001466 3.7140604833e-05 0.000390063634129
0.167652902082 0.00478727990761 -9.91537852049 7.42986671552e-05 0.000260036598171 0.000352905579934
0.435897538103 0.110166302891 -9.91059198976 0.000167167632663 -3.7140604833e-05 0.000371493319521
0.134122318011 0.0622738790978 -10.0542884839 0.000352905579934 1.85703024165e-05 0.000371493319521
0.45505645182 -0.186811834071 -9.94890996337 0.000185737931016 9.2868965508e-05 0.000352905579934
0.225129698049 0.00478727990761 -9.9728660059 3.7140604833e-05 -1.85703024165e-05 0.000371493319521
0.330508711897 0.0574767913995 -9.96328125 0.000204308245624 9.2868965508e-05 0.000315764983228
0.234714051951 0.00478727990761 -9.92496327639 0.000204308245624 3.7140604833e-05 0.000371493319521
0.320934152082 -0.0958044631686 -9.98722793698 0.000241466299818 -1.85703024165e-05 0.000390063634129
0.31134979818 -0.0335305795027 -10.0447142529 0.000185737931016 5.57283647387e-05 0.000334335265326
0.364039277695 0.0479022315843 -9.90580428958 9.2868965508e-05 3.7140604833e-05 0.000315764983228
0.292190847918 0.0862200909946 -10.0015992236 0.000241466299818 1.85703024165e-05 0.000352905579934
0.234714051951 -0.110166302891 -9.98244023681 0.000260036598171 7.42986671552e-05 0.000334335265326
0.301775220092 -0.100591743076 -9.9728660059 0.00013002702783 7.42986671552e-05 0.000315764983228
0.244288611766 0.0958044631686 -9.9728660059 9.2868965508e-05 3.7140604833e-05 0.000352905579934
0.340093065798 0.0479022315843 -9.98244023681 0.000278606896524 3.7140604833e-05 0.000334335265326
0.287403568011 -0.0574767913995 -9.96328125 0.000241466299818 3.7140604833e-05 0.000315764983228
0.325721413717 -0.0622738790978 -10.0399171972 0.000167167632663 5.57283647387e-05 0.000334335265326
0.282616288103 0.0143716497975 -10.0015992236 0.00014859733431 0.000111439271988 0.000315764983228
0.301775220092 -0.00478727990761 -9.98722793698 0.00013002702783 9.2868965508e-05 0.000352905579934
0.273031915929 0.0574767913995 -10.0207582104 0.000241466299818 1.85703024165e-05 0.000334335265326
0.402366972305 -0.0574767913995 -9.84831797361 0.000222896001466 7.42986671552e-05 0.000390063634129
0.0958044631686 0.0574767913995 -10.1453062427 0.000167167632663 -0.000185737931016 0.000408633948736
0.46463104818 -0.0383178594103 -10.0063962793 0.000185737931016 0.000167167632663 0.000352905579934
0.191599113978 0.0479022315843 -9.91537852049 7.42986671552e-05 -0.000204308245624 0.000408633948736
0.392782581858 0.110166302891 -10.0495007837 0.000278606896524 5.57283647387e-05 0.000260036598171
0.143696877826 -0.15328125 -9.9728660059 0.000204308245624 0.00013002702783 0.000408633948736
0.426313184202 -0.0239462096128 -9.88184824705 7.42986671552e-05 0.00013002702783 0.000260036598171
0.244288611766 0.172440181989 -9.9345375073 0.00014859733431 3.7140604833e-05 0.000408633948736
0.3065625 -0.0479022315843 -9.94890996337 0.000334335265326 7.42986671552e-05 0.000371493319521
0.292190847918 -0.138909597918 -9.89143300295 0.000222896001466 5.57283647387e-05 0.000260036598171
0.31134979818 0.0335305795027 -9.94412226319 9.2868965508e-05 7.42986671552e-05 0.000427204230834
0.258660263848 0.0335305795027 -9.78125684202 0.000185737931016 0.000204308245624 0.000352905579934
0.316146853901 0.00478727990761 -9.84353027344 0.000278606896524 7.42986671552e-05 0.000315764983228
0.31134979818 -0.071848438913 -9.97765253663 0.000185737931016 5.57283647387e-05 0.000352905579934
0.349677456245 -0.0335305795027 -9.92975097656 0.000111439271988 0.0 0.000334335265326
0.320934152082 0.119750665929 -10.0734474707 0.000204308245624 -3.7140604833e-05 0.000408633948736
0.234714051951 -0.0191589297052 -10.0686597705 0.000371493319521 3.7140604833e-05 0.000334335265326
0.292190847918 -0.167652902082 -9.93933456302 0.00014859733431 9.2868965508e-05 0.000352905579934
0.344880363978 0.0335305795027 -9.92496327639 0.00013002702783 9.2868965508e-05 0.000334335265326
0.296978127826 0.0958044631686 -9.96806895018 0.000204308245624 5.57283647387e-05 0.000371493319521
0.320934152082 -0.0191589297052 -10.0447142529 0.000334335265326 1.85703024165e-05 0.000408633948736
0.244288611766 -0.119750665929 -10.0351294971 0.000204308245624 1.85703024165e-05 0.000334335265326
0.383198227957 0.0479022315843 -9.94890996337 0.000111439271988 9.2868965508e-05 0.000334335265326
0.258660263848 0.0910073709022 -9.98722793698 0.000260036598171 7.42986671552e-05 0.000334335265326
0.383198227957 -0.0766357188206 -9.94890996337 0.000297194668621 7.42986671552e-05 0.000371493319521
0.301775220092 -0.071848438913 -9.92016622066 0.00014859733431 5.57283647387e-05 0.000352905579934
0.287403568011 0.0479022315843 -9.9728660059 0.00014859733431 -1.85703024165e-05 0.000315764983228
0.244288611766 0.0239462096128 -9.9920249927 0.000241466299818 3.7140604833e-05 0.000334335265326
0.330508711897 -0.0574767913995 -9.95849354982 0.000222896001466 5.57283647387e-05 0.000352905579934
0.263447543755 0.00478727990761 -10.0207582104 0.000167167632663 1.85703024165e-05 0.000371493319521
0.31134979818 -0.0287432995951 -9.94890996337 0.000204308245624 0.000111439271988 0.000315764983228
0.335305804163 -0.0143716497975 -9.92496327639 0.000204308245624 3.7140604833e-05 0.000408633948736
0.292190847918 -0.0143716497975 -10.0207582104 0.000185737931016 3.7140604833e-05 0.000352905579934
0.320934152082 -0.00958436988993 -9.9536964941 0.000204308245624 5.57283647387e-05 0.000371493319521
0.292190847918 0.0479022315843 -9.95849354982 0.000241466299818 3.7140604833e-05 0.000371493319521
0.258660263848 -0.0287432995951 -10.0495007837 0.000241466299818 1.85703024165e-05 0.000352905579934
0.273031915929 -0.0526895114919 -10.0207582104 0.000185737931016 3.7140604833e-05 0.000371493319521
-1.04422544584 0.440684836283 -12.8037767529 0.00061294219436 -0.00100300582849 0.000390063634129
-0.82388306424 -0.0670611590054 -10.7296875 0.000315764983228 0.00248894432163 0.000631529966456
0.182024554163 0.627496652082 -7.80775957882 0.000334335265326 0.00386344337211 0.000501502914244
1.52802523836 0.177227461897 -7.30002303958 0.000204308245624 0.00167167635914 0.000557231283047
0.550851130038 -0.0383178594103 -8.94778946042 0.000241466299818 -0.000798697550356 0.000297194668621
-0.51253326606 -0.0910073709022 -11.3523972559 0.000334335265326 -0.00157880732861 0.000111439271988
-0.522117619962 0.124537945837 -11.2901232398 0.000167167632663 -0.000297194668621 0.000390063634129
0.100591743076 -0.114963386022 -10.4949732471 5.57283647387e-05 0.000575801565145 0.000408633948736
0.550851130038 -0.0239462096128 -9.54175547361 0.00014859733431 0.000910136862981 0.000315764983228
0.775990640447 0.162865622174 -9.35015625 0.000185737931016 0.000501502914244 0.000278606896524
0.574807136022 0.00478727990761 -9.73335469723 0.000185737931016 -0.00013002702783 0.000315764983228
0.0287432995951 -0.00958436988993 -10.3225330102 0.000204308245624 -0.000427204230834 0.000390063634129
0.119750665929 -0.0239462096128 -10.3033740234 0.000241466299818 0.0 0.000315764983228
0.239501331858 -0.0766357188206 -10.0063962793 0.00014859733431 0.000241466299818 0.000315764983228
0.46463104818 -0.0479022315843 -9.67587773681 9.2868965508e-05 0.000464362285029 0.000371493319521
0.383198227957 0.071848438913 -9.71419571042 0.000167167632663 0.000185737931016 0.000390063634129
0.239501331858 -0.0191589297052 -9.97765253663 0.000241466299818 -0.000167167632663 0.000315764983228
0.20597076606 -0.071848438913 -10.1788365161 0.000222896001466 -0.000111439271988 0.000352905579934
0.296978127826 -0.0191589297052 -10.0782445264 0.00013002702783 5.57283647387e-05 0.000352905579934
0.229916977957 0.0622738790978 -10.0063962793 0.000185737931016 0.00013002702783 0.000464362285029
0.31134979818 -0.0574767913995 -9.9536964941 0.000241466299818 0.000111439271988 0.000390063634129
0.349677456245 -0.0862200909946 -10.0111839795 0.000260036598171 5.57283647387e-05 0.000408633948736
0.301775220092 -0.00958436988993 -10.0255552661 0.00014859733431 -1.85703024165e-05 0.000371493319521
0.234714051951 0.0766357188206 -10.0063962793 0.000204308245624 1.85703024165e-05 0.000352905579934
0.239501331858 -0.0670611590054 -9.93933456302 0.000241466299818 9.2868965508e-05 0.000352905579934
0.301775220092 -0.0479022315843 -9.85790272951 0.000167167632663 0.000111439271988 0.000352905579934
0.263447543755 0.00958436988993 -9.92496327639 0.00014859733431 7.42986671552e-05 0.000352905579934
0.320934152082 0.0622738790978 -10.0447142529 0.000204308245624 0.0 0.000334335265326
0.282616288103 -0.0191589297052 -10.0734474707 0.000241466299818 -1.85703024165e-05 0.000371493319521
0.258660263848 -0.105379022984 -10.0351294971 0.000185737931016 3.7140604833e-05 0.000334335265326
0.35446471788 0.0 -9.9920249927 0.00014859733431 0.00013002702783 0.000352905579934
0.31134979818 0.00958436988993 -9.90580428958 0.000185737931016 0.000185737931016 0.000352905579934
0.263447543755 -0.0335305795027 -9.96328125 0.000278606896524 -5.57283647387e-05 0.000334335265326
0.316146853901 -0.0670611590054 -9.9920249927 0.000204308245624 7.42986671552e-05 0.000352905579934
0.249085704032 -0.0239462096128 -10.0015992236 0.00014859733431 3.7140604833e-05 0.000334335265326
-0.201183486152 0.0526895114919 -12.2577122998 0.000408633948736 -0.00196887096274 0.000464362285029
0.440684836283 -0.186811834071 -10.8877564502 0.000260036598171 0.0012259018137 0.000408633948736
0.330508711897 0.167652902082 -8.78493339479 0.000167167632663 0.00241464550819 0.000445774545442
0.684973466322 0.114963386022 -8.48315801024 0.000204308245624 0.000278606896524 7.42986671552e-05
0.25387298394 -0.100591743076 -9.61840077639 0.000260036598171 -0.00117017347741 0.000445774545442
0.00478727990761 0.0958044631686 -10.8542250073 0.000241466299818 -0.00157880732861 0.000371493319521
-0.143696877826 -0.110166302891 -10.9021277368 0.000185737931016 -0.000817267897472 0.000315764983228
-0.0479022315843 -0.105379022984 -10.5285035205 0.00014859733431 0.000185737931016 0.000167167632663
0.531692179777 0.0958044631686 -9.50822461545 0.00013002702783 0.000854408461669 0.000222896001466
0.651442827433 0.0622738790978 -9.41243026614 0.000167167632663 0.000501502914244 0.000501502914244
0.282616288103 -0.0910073709022 -9.65671875 0.000241466299818 -0.000111439271988 0.000315764983228
0.320934152082 0.0335305795027 -10.0351294971 0.000167167632663 -0.000408633948736 0.000334335265326
0.244288611766 0.0431149516767 -10.4183372998 0.000204308245624 -0.000297194668621 0.000334335265326
0.234714051951 -0.0574767913995 -10.2985874927 0.000241466299818 0.0 0.000390063634129
0.282616288103 -0.134122318011 -9.87706171632 0.000241466299818 0.000352905579934 0.000427204230834
0.292190847918 -0.100591743076 -9.89143300295 0.00014859733431 0.00013002702783 0.000352905579934
0.431100445837 0.129335038103 -9.86268926024 0.000111439271988 0.0 0.000390063634129
0.220342418142 0.0479022315843 -9.94890996337 0.000260036598171 -1.85703024165e-05 0.000315764983228
0.220342418142 -0.0910073709022 -10.1117747998 0.000297194668621 -9.2868965508e-05 0.000315764983228
0.249085704032 -0.00478727990761 -10.1021912134 7.42986671552e-05 5.57283647387e-05 0.000390063634129
0.282616288103 0.114963386022 -10.0782445264 0.000167167632663 0.0 0.000352905579934
0.402366972305 0.00958436988993 -9.90100723386 0.000278606896524 5.57283647387e-05 0.000371493319521
0.138909597918 -0.0958044631686 -10.0015992236 0.000204308245624 0.00013002702783 0.000352905579934
0.421525886022 -0.0287432995951 -9.92975097656 0.000111439271988 0.00014859733431 0.000297194668621
0.263447543755 0.071848438913 -9.92975097656 0.00013002702783 5.57283647387e-05 0.000371493319521
0.335305804163 -0.0479022315843 -9.98722793698 0.000260036598171 -3.7140604833e-05 0.000315764983228
0.268244636022 -0.124537945837 -10.0207582104 0.000185737931016 3.7140604833e-05 0.000352905579934
0.296978127826 -0.0383178594103 -10.0351294971 0.000185737931016 3.7140604833e-05 0.000315764983228
0.296978127826 0.0574767913995 -9.98244023681 0.000185737931016 1.85703024165e-05 0.000390063634129
0.287403568011 -0.0479022315843 -10.0015992236 0.000222896001466 3.7140604833e-05 0.000371493319521
0.268244636022 -0.0622738790978 -9.9920249927 0.000185737931016 0.0 0.000334335265326
0.301775220092 -0.0143716497975 -9.9728660059 0.00014859733431 1.85703024165e-05 0.000371493319521
0.287403568011 0.00478727990761 -9.9728660059 0.000222896001466 7.42986671552e-05 0.000371493319521
0.282616288103 -0.00478727990761 -9.9728660059 0.000241466299818 3.7140604833e-05 0.000371493319521
0.258660263848 -0.00478727990761 -9.95849354982 0.000185737931016 0.0 0.000334335265326
0.316146853901 0.0431149516767 -9.9920249927 0.000185737931016 3.7140604833e-05 0.000352905579934
0.296978127826 -0.0239462096128 -10.0063962793 0.000241466299818 3.7140604833e-05 0.000371493319521
0.316146853901 -0.00958436988993 -9.9728660059 0.000204308245624 5.57283647387e-05 0.000352905579934
0.296978127826 0.00478727990761 -9.92496327639 0.000185737931016 5.57283647387e-05 0.000334335265326
0.325721413717 0.0 -10.0111839795 0.000222896001466 5.57283647387e-05 0.000334335265326
0.268244636022 -0.0335305795027 -9.98244023681 0.000222896001466 7.42986671552e-05 0.000371493319521
0.340093065798 -0.00958436988993 -9.9345375073 0.00014859733431 7.42986671552e-05 0.000352905579934
0.273031915929 0.0287432995951 -9.97765253663 0.00013002702783 9.2868965508e-05 0.000371493319521
0.3065625 -0.0239462096128 -9.96806895018 0.000241466299818 3.7140604833e-05 0.000315764983228
0.292190847918 -0.0143716497975 -9.9920249927 0.000185737931016 3.7140604833e-05 0.000352905579934
0.335305804163 0.0143716497975 -9.95849354982 0.000185737931016 1.85703024165e-05 0.000390063634129
0.244288611766 0.0383178594103 -9.98244023681 0.000222896001466 3.7140604833e-05 0.000334335265326
0.325721413717 -0.0431149516767 -9.97765253663 0.000241466299818 7.42986671552e-05 0.000334335265326
0.258660263848 -0.0143716497975 -9.98722793698 0.000185737931016 5.57283647387e-05 0.000352905579934
0.296978127826 0.00478727990761 -9.94890996337 0.00013002702783 9.2868965508e-05 0.000352905579934
0.268244636022 0.0 -9.96806895018 0.000204308245624 5.57283647387e-05 0.000352905579934
0.3065625 -0.0622738790978 -10.0015992236 0.000241466299818 3.7140604833e-05 0.000390063634129
0.277819195837 -0.0239462096128 -9.9920249927 0.000167167632663 0.0 0.000352905579934
0.325721413717 0.0191589297052 -9.96806895018 0.000185737931016 3.7140604833e-05 0.000297194668621
0.234714051951 0.0383178594103 -9.97765253663 0.000204308245624 1.85703024165e-05 0.000334335265326
0.31134979818 -0.0526895114919 -10.0015992236 0.000167167632663 1.85703024165e-05 0.000334335265326
0.239501331858 -0.0143716497975 -10.0303429663 0.000185737931016 5.57283647387e-05 0.000371493319521
0.35446471788 -0.0383178594103 -9.96328125 0.000167167632663 7.42986671552e-05 0.000334335265326
0.3065625 0.0287432995951 -9.9536964941 0.000167167632663 3.7140604833e-05 0.000371493319521
0.330508711897 -0.0191589297052 -9.99681152344 0.000241466299818 7.42986671552e-05 0.000371493319521
0.268244636022 -0.0670611590054 -9.98722793698 0.000222896001466 5.57283647387e-05 0.000334335265326
0.296978127826 -0.00478727990761 -9.99681152344 0.00013002702783 5.57283647387e-05 0.000352905579934
0.316146853901 0.0526895114919 -10.0159705102 0.000167167632663 5.57283647387e-05 0.000352905579934
0.277819195837 0.0143716497975 -9.99681152344 0.000260036598171 5.57283647387e-05 0.000334335265326
0.268244636022 -0.110166302891 -10.0015992236 0.000222896001466 3.7140604833e-05 0.000334335265326
0.292190847918 -0.0239462096128 -10.0111839795 0.000167167632663 5.57283647387e-05 0.000315764983228
0.277819195837 0.0766357188206 -9.92016622066 0.000185737931016 1.85703024165e-05 0.000390063634129
0.320934152082 -0.00478727990761 -10.0159705102 0.000297194668621 3.7140604833e-05 0.000334335265326
0.287403568011 -0.105379022984 -10.0207582104 0.000185737931016 3.7140604833e-05 0.000297194668621
0.316146853901 -0.0287432995951 -9.95849354982 0.000111439271988 3.7140604833e-05 0.000352905579934
0.287403568011 0.105379022984 -9.95849354982 0.000185737931016 5.57283647387e-05 0.000334335265326
0.31134979818 -0.0431149516767 -9.97765253663 0.000260036598171 1.85703024165e-05 0.000334335265326
0.277819195837 -0.114963386022 -9.9536964941 0.000222896001466 5.57283647387e-05 0.000315764983228
0.273031915929 0.0 -9.9345375073 0.000111439271988 7.42986671552e-05 0.000371493319521
0.273031915929 0.0670611590054 -9.99681152344 0.000185737931016 1.85703024165e-05 0.000334335265326
0.301775220092 -0.0335305795027 -10.0111839795 0.000260036598171 1.85703024165e-05 0.000352905579934
0.282616288103 -0.0958044631686 -9.98244023681 0.000204308245624 7.42986671552e-05 0.000352905579934
0.349677456245 0.00958436988993 -9.96806895018 0.00014859733431 1.85703024165e-05 0.000371493319521
0.273031915929 0.0910073709022 -9.9920249927 0.000204308245624 7.42986671552e-05 0.000371493319521
0.292190847918 -0.0287432995951 -10.0015992236 0.000241466299818 3.7140604833e-05 0.000352905579934
0.31134979818 -0.0766357188206 -9.98244023681 0.000167167632663 5.57283647387e-05 0.000297194668621
0.296978127826 0.00478727990761 -9.9728660059 0.000167167632663 3.7140604833e-05 0.000334335265326
0.287403568011 0.0143716497975 -9.92496327639 0.00014859733431 5.57283647387e-05 0.000334335265326
0.316146853901 -0.00478727990761 -9.9536964941 0.000241466299818 0.0 0.000371493319521
0.239501331858 -0.071848438913 -10.0111839795 0.000204308245624 7.42986671552e-05 0.000334335265326
0.35446471788 0.00478727990761 -10.0207582104 0.000185737931016 3.7140604833e-05 0.000334335265326
0.20597076606 0.0191589297052 -9.98244023681 0.00014859733431 1.85703024165e-05 0.000371493319521
0.35446471788 -0.00478727990761 -9.95849354982 0.000222896001466 3.7140604833e-05 0.000334335265326
0.225129698049 -0.0479022315843 -9.98244023681 0.000241466299818 9.2868965508e-05 0.000334335265326
0.35925201606 -0.0143716497975 -9.96328125 0.000204308245624 3.7140604833e-05 0.000334335265326
0.249085704032 0.0670611590054 -9.9728660059 0.000185737931016 5.57283647387e-05 0.000352905579934
0.335305804163 -0.0383178594103 -9.9920249927 0.000260036598171 7.42986671552e-05 0.000334335265326
0.263447543755 -0.0383178594103 -9.96806895018 0.000204308245624 1.85703024165e-05 0.000334335265326
0.296978127826 -0.0383178594103 -9.9728660059 0.000167167632663 9.2868965508e-05 0.000371493319521
0.273031915929 -0.00478727990761 -9.94890996337 0.000185737931016 3.7140604833e-05 0.000408633948736
0.301775220092 -0.0239462096128 -9.95849354982 0.000222896001466 7.42986671552e-05 0.000390063634129
0.320934152082 -0.0191589297052 -10.0063962793 0.000185737931016 7.42986671552e-05 0.000352905579934
0.258660263848 -0.00958436988993 -9.99681152344 0.000204308245624 5.57283647387e-05 0.000371493319521
0.340093065798 -0.00478727990761 -9.9728660059 0.000185737931016 1.85703024165e-05 0.000334335265326
0.196396206245 -0.0191589297052 -9.96806895018 0.000222896001466 1.85703024165e-05 0.000390063634129
0.402366972305 -0.0479022315843 -9.99681152344 0.000204308245624 0.0 0.000315764983228
0.182024554163 0.0862200909946 -10.0015992236 0.000167167632663 1.85703024165e-05 0.000352905579934
0.440684836283 -0.0383178594103 -9.98244023681 0.000204308245624 9.2868965508e-05 0.000315764983228
