0.426313184202 0.0574767913995 -9.91059198976 0.00014859733431 0.000111439271988 0.000297194668621
0.368836369962 0.0383178594103 -9.91537852049 0.000241466299818 9.2868965508e-05 0.000352905579934
0.340093065798 0.0287432995951 -9.98244023681 0.000222896001466 3.7140604833e-05 0.000334335265326
0.387995320223 0.0143716497975 -10.0159705102 0.000204308245624 3.7140604833e-05 0.000334335265326
0.40715423394 0.00958436988993 -9.9728660059 0.00014859733431 5.57283647387e-05 0.000352905579934
0.320934152082 0.0479022315843 -9.9728660059 0.000222896001466 5.57283647387e-05 0.000334335265326
0.335305804163 0.0143716497975 -9.92496327639 0.000222896001466 3.7140604833e-05 0.000315764983228
0.316146853901 0.0287432995951 -9.98244023681 0.000111439271988 7.42986671552e-05 0.000371493319521
0.397569880038 0.105379022984 -10.0063962793 0.000185737931016 3.7140604833e-05 0.000352905579934
0.397569880038 0.0670611590054 -9.96806895018 0.000204308245624 7.42986671552e-05 0.000334335265326
0.392782581858 -0.0335305795027 -9.94412226319 0.000222896001466 5.57283647387e-05 0.000334335265326
0.378410929777 -0.00478727990761 -10.0207582104 0.00013002702783 0.0 0.000352905579934
0.292190847918 0.00478727990761 -9.89621953368 0.000204308245624 7.42986671552e-05 0.000352905579934
0.292190847918 0.0622738790978 -9.96328125 0.000185737931016 1.85703024165e-05 0.000297194668621
0.268244636022 -0.00958436988993 -10.0063962793 0.000222896001466 0.0 0.000297194668621
0.296978127826 0.0479022315843 -9.97765253663 0.000185737931016 5.57283647387e-05 0.000334335265326
0.364039277695 0.0287432995951 -9.95849354982 0.000241466299818 3.7140604833e-05 0.000371493319521
0.330508711897 -0.00478727990761 -10.0399171972 0.000241466299818 3.7140604833e-05 0.000297194668621
0.277819195837 -0.0191589297052 -10.0447142529 0.000185737931016 3.7140604833e-05 0.000297194668621
0.344880363978 0.071848438913 -9.97765253663 0.000167167632663 0.000111439271988 0.000315764983228
0.41194153212 0.0383178594103 -10.0207582104 0.00013002702783 -1.85703024165e-05 0.000371493319521
0.431100445837 0.0143716497975 -9.97765253663 0.000204308245624 7.42986671552e-05 0.000352905579934
0.277819195837 -0.0526895114919 -9.96328125 0.000204308245624 7.42986671552e-05 0.000315764983228
0.301775220092 0.0862200909946 -10.0111839795 0.000204308245624 7.42986671552e-05 0.000352905579934
0.340093065798 0.0287432995951 -9.93933456302 0.000167167632663 9.2868965508e-05 0.000334335265326
0.320934152082 0.0143716497975 -9.93933456302 0.000204308245624 7.42986671552e-05 0.000371493319521
0.282616288103 0.00958436988993 -9.94890996337 0.000167167632663 5.57283647387e-05 0.000334335265326
0.402366972305 0.0143716497975 -10.0207582104 0.000204308245624 7.42986671552e-05 0.000371493319521
0.31134979818 0.0766357188206 -9.9728660059 0.000222896001466 3.7140604833e-05 0.000315764983228
0.349677456245 0.0670611590054 -10.0159705102 0.000185737931016 9.2868965508e-05 0.000334335265326
0.35446471788 0.0239462096128 -9.98722793698 0.000222896001466 3.7140604833e-05 0.000352905579934
0.335305804163 0.0335305795027 -9.93933456302 0.000185737931016 5.57283647387e-05 0.000352905579934
0.368836369962 0.0143716497975 -9.98244023681 0.000260036598171 0.000111439271988 0.000297194668621
0.373623668142 0.0191589297052 -10.0495007837 0.000241466299818 3.7140604833e-05 0.000371493319521
0.273031915929 0.0239462096128 -9.94890996337 0.000204308245624 7.42986671552e-05 0.000334335265326
0.31134979818 0.0335305795027 -9.94412226319 0.000167167632663 0.000111439271988 0.000334335265326
0.383198227957 0.0 -10.0399171972 0.000222896001466 3.7140604833e-05 0.000315764983228
0.335305804163 0.0239462096128 -10.0159705102 0.000185737931016 3.7140604833e-05 0.000334335265326
0.249085704032 0.0862200909946 -9.96806895018 0.000185737931016 0.0 0.000315764983228
0.239501331858 0.0910073709022 -9.98244023681 0.000167167632663 -5.57283647387e-05 0.000315764983228
0.397569880038 0.0670611590054 -9.9536964941 0.000167167632663 5.57283647387e-05 0.000352905579934
0.426313184202 0.0335305795027 -9.9728660059 0.000222896001466 7.42986671552e-05 0.000334335265326
0.31134979818 0.0 -9.98244023681 0.000185737931016 5.57283647387e-05 0.000315764983228
0.330508711897 -0.00958436988993 -9.95849354982 0.000204308245624 9.2868965508e-05 0.000352905579934
0.31134979818 0.0431149516767 -9.98244023681 0.000185737931016 3.7140604833e-05 0.000297194668621
0.349677456245 0.0143716497975 -10.0111839795 0.000185737931016 1.85703024165e-05 0.000334335265326
0.392782581858 0.0622738790978 -9.96806895018 0.000167167632663 7.42986671552e-05 0.000334335265326
0.273031915929 0.0574767913995 -9.91059198976 0.000204308245624 9.2868965508e-05 0.000371493319521
0.402366972305 0.0143716497975 -10.0063962793 0.000167167632663 3.7140604833e-05 0.000297194668621
0.35925201606 0.0622738790978 -10.0159705102 0.000260036598171 7.42986671552e-05 0.000408633948736
0.344880363978 0.0526895114919 -9.94890996337 0.00014859733431 3.7140604833e-05 0.000315764983228
0.296978127826 0.0 -9.92975097656 0.000204308245624 7.42986671552e-05 0.000352905579934
0.35925201606 0.0 -9.97765253663 0.000185737931016 1.85703024165e-05 0.000315764983228
0.340093065798 0.0287432995951 -9.93933456302 0.000167167632663 1.85703024165e-05 0.000315764983228
0.287403568011 0.0431149516767 -9.99681152344 0.000204308245624 1.85703024165e-05 0.000371493319521
0.320934152082 0.0383178594103 -10.0015992236 0.000222896001466 1.85703024165e-05 0.000352905579934
0.397569880038 0.0143716497975 -9.9345375073 0.000167167632663 3.7140604833e-05 0.000371493319521
0.416728793755 0.0431149516767 -10.0495007837 0.000185737931016 0.0 0.000315764983228
0.35925201606 0.071848438913 -10.0063962793 0.000185737931016 1.85703024165e-05 0.000334335265326
0.373623668142 0.0 -10.0159705102 0.000278606896524 3.7140604833e-05 0.000334335265326
0.344880363978 0.0526895114919 -9.94412226319 0.000204308245624 7.42986671552e-05 0.000260036598171
0.469428103901 0.00478727990761 -9.98722793698 0.00014859733431 9.2868965508e-05 0.000352905579934
0.330508711897 0.0239462096128 -9.96806895018 0.000222896001466 7.42986671552e-05 0.000390063634129
0.344880363978 -0.0191589297052 -9.90580428958 0.000204308245624 5.57283647387e-05 0.000371493319521
0.268244636022 0.0143716497975 -9.95849354982 0.000241466299818 1.85703024165e-05 0.000334335265326
0.41194153212 0.0526895114919 -10.0686597705 0.000204308245624 -3.7140604833e-05 0.000390063634129
0.392782581858 0.0383178594103 -10.0063962793 0.000185737931016 0.000111439271988 0.000315764983228
0.292190847918 0.00958436988993 -10.0159705102 0.000204308245624 9.2868965508e-05 0.000334335265326
0.301775220092 0.0191589297052 -9.92016622066 0.000185737931016 5.57283647387e-05 0.000297194668621
0.392782581858 0.0574767913995 -9.9536964941 0.000167167632663 7.42986671552e-05 0.000352905579934
0.335305804163 0.0383178594103 -9.96806895018 0.000241466299818 1.85703024165e-05 0.000315764983228
0.344880363978 0.0239462096128 -10.0111839795 0.00014859733431 1.85703024165e-05 0.000334335265326
0.335305804163 0.0574767913995 -9.9345375073 0.000167167632663 0.0 0.000352905579934
0.287403568011 0.0383178594103 -9.95849354982 0.000204308245624 0.000111439271988 0.000334335265326
0.40715423394 0.0143716497975 -9.99681152344 0.000185737931016 0.0 0.000334335265326
0.31134979818 0.0479022315843 -9.90580428958 0.000167167632663 9.2868965508e-05 0.000371493319521
0.277819195837 0.0143716497975 -9.97765253663 0.000204308245624 5.57283647387e-05 0.000297194668621
0.273031915929 0.00958436988993 -9.96328125 0.000185737931016 1.85703024165e-05 0.000334335265326
0.35925201606 0.0479022315843 -9.98722793698 0.000204308245624 1.85703024165e-05 0.000315764983228
0.282616288103 0.0526895114919 -9.92496327639 0.000185737931016 5.57283647387e-05 0.000297194668621
0.225129698049 0.0383178594103 -9.9920249927 0.000204308245624 5.57283647387e-05 0.000315764983228
0.392782581858 0.0622738790978 -10.0399171972 0.000185737931016 1.85703024165e-05 0.000352905579934
0.378410929777 0.0383178594103 -9.9728660059 0.000185737931016 5.57283647387e-05 0.000371493319521
0.330508711897 0.00478727990761 -9.9345375073 0.000241466299818 7.42986671552e-05 0.000334335265326
0.41194153212 0.0239462096128 -9.99681152344 0.000185737931016 5.57283647387e-05 0.000371493319521
0.349677456245 0.110166302891 -9.91537852049 0.000167167632663 5.57283647387e-05 0.000334335265326
0.335305804163 0.0622738790978 -10.0351294971 0.000185737931016 5.57283647387e-05 0.000297194668621
0.364039277695 0.0143716497975 -10.0351294971 0.000185737931016 1.85703024165e-05 0.000334335265326
0.239501331858 0.0239462096128 -9.9728660059 0.000167167632663 7.42986671552e-05 0.000334335265326
0.25387298394 0.0526895114919 -9.9920249927 0.000167167632663 3.7140604833e-05 0.000315764983228
0.402366972305 0.0287432995951 -10.0063962793 0.000204308245624 3.7140604833e-05 0.000390063634129
0.364039277695 0.0670611590054 -9.96806895018 0.000222896001466 5.57283647387e-05 0.000315764983228
0.373623668142 0.0335305795027 -9.98244023681 0.000167167632663 7.42986671552e-05 0.000390063634129
0.421525886022 0.0287432995951 -10.0447142529 0.000185737931016 1.85703024165e-05 0.000390063634129
0.368836369962 0.071848438913 -10.0015992236 0.000185737931016 9.2868965508e-05 0.000352905579934
0.277819195837 0.0383178594103 -9.94890996337 0.000204308245624 3.7140604833e-05 0.000334335265326
0.296978127826 0.0431149516767 -9.98722793698 0.000167167632663 3.7140604833e-05 0.000352905579934
0.41194153212 -0.0191589297052 -9.96328125 0.000185737931016 0.0 0.000352905579934
0.41194153212 0.0191589297052 -9.92975097656 0.000204308245624 -7.42986671552e-05 0.000334335265326
0.325721413717 0.0143716497975 -9.9920249927 0.00013002702783 7.42986671552e-05 0.000334335265326
0.301775220092 0.0143716497975 -10.0255552661 0.000185737931016 9.2868965508e-05 0.000315764983228
0.3065625 0.0670611590054 -9.93933456302 0.000204308245624 1.85703024165e-05 0.000334335265326
0.373623668142 0.0335305795027 -10.0351294971 0.000167167632663 5.57283647387e-05 0.000297194668621
0.40715423394 0.0526895114919 -10.0015992236 0.000167167632663 5.57283647387e-05 0.000352905579934
0.25387298394 0.0910073709022 -9.92016622066 0.000204308245624 9.2868965508e-05 0.000315764983228
0.344880363978 0.081432811087 -9.98722793698 0.000241466299818 9.2868965508e-05 0.000334335265326
0.378410929777 0.0670611590054 -10.0255552661 0.000222896001466 3.7140604833e-05 0.000352905579934
0.35446471788 0.0143716497975 -9.92496327639 0.000204308245624 1.85703024165e-05 0.000297194668621
0.340093065798 0.00958436988993 -9.9728660059 0.000278606896524 1.85703024165e-05 0.000297194668621
0.335305804163 0.0239462096128 -9.96328125 0.000204308245624 3.7140604833e-05 0.000352905579934
8.32987676024 17.9195349634 -2.63452440798 -0.0190943032553 0.00206173999327 -0.00187600206225
3.05125342101 -11.5966857398 -3.92303848386 -0.000241466299818 -0.00360340675769 -0.00622236041397
10.4901867163 11.9942554736 8.25802851319 -0.000241466299818 0.013150550063 0.0080612221721
10.2075697339 4.15775273681 11.2374339795 0.000185737931016 0.0116089002034 0.00536795227739
-8.00894297361 4.93374315798 -3.45362021059 0.00317618500435 -0.00167167635914 -0.00336194049038
5.13491719723 -0.656239956245 -7.70238047361 0.00308331610386 0.000928707145079 -0.00325048381779
2.20341431424 -0.981961369962 -12.9043687427 0.00518221395627 -0.00334337014326 0.00120733146658
-0.445472097918 -2.91713115782 -12.0613160205 0.00276756870815 5.57283647387e-05 0.000222896001466
3.81765967101 -3.25722422361 -11.5966857398 -0.000798697550356 -0.00241464550819 0.00252610218077
-0.843041977957 -0.747247336283 -11.1703722632 -0.00124447216082 -0.001095874794 0.000872996233766
-0.689760727957 0.0958044631686 -7.27606699705 -0.00343623904375 0.00111446256609 -0.000557231283047
-1.6190326184 -0.589178788103 -8.99090448976 -0.00492217760191 0.000222896001466 0.000557231283047
-2.02139955416 3.26680839479 -7.4437201184 -0.000204308245624 0.00172740469543 -0.000185737931016
-0.100591743076 4.42599726319 -9.48906562865 0.00117017347741 0.000297194668621 -0.000631529966456
0.780777902082 -0.387995320223 -9.63755976319 0.00308331610386 0.000854408461669 -7.42986671552e-05
0.857413630038 -1.75794214323 -10.3752222705 0.00200601165698 -1.85703024165e-05 0.000891566515864
3.19016309202 -2.40459770903 -10.1213502002 -5.57283647387e-05 9.2868965508e-05 0.000427204230834
-0.20597076606 -0.96758971788 -10.7344752002 -0.00228463591346 -0.00104016388268 0.000315764983228
-1.47533568576 1.04422544584 -9.42200449705 -0.00100300582849 -7.42986671552e-05 0.000222896001466
0.0479022315843 1.839375 -8.91905565798 -0.000427204230834 0.000408633948736 0.000482932599637
-0.570010043755 1.45137964323 -10.0638732398 0.00170883447835 -0.000352905579934 0.00014859733431
0.87178528212 0.469428103901 -10.1884107471 0.00104016388268 0.000538660968439 -0.000167167632663
1.33641636685 -1.7196243158 -10.1931984472 0.000260036598171 -0.000371493319521 0.000352905579934
2.4189694342 0.335305804163 -10.7871644604 -0.001095874794 -5.57283647387e-05 0.000835838179571
0.244288611766 -0.383198227957 -10.2746314502 -5.57283647387e-05 -0.000445774545442 -5.57283647387e-05
-0.450259396099 0.25387298394 -9.59444473386 0.00105873416478 0.000315764983228 0.000334335265326
0.45984375 0.728088422567 -10.4039660132 0.000761539496161 0.000204308245624 0.000482932599637
-0.656239956245 0.0479022315843 -10.0303429663 0.000501502914244 3.7140604833e-05 7.42986671552e-05
0.474215402082 1.17356052049 -9.76209785521 0.000111439271988 0.000334335265326 -5.57283647387e-05
1.35558500156 -0.172440181989 -10.0638732398 0.000352905579934 -0.000482932599637 0.000445774545442
0.881369672567 0.0143716497975 -10.4710277295 0.000111439271988 0.000185737931016 0.000835838179571
-0.747247336283 -0.76640625 -9.01006289184 0.000668670530653 1.85703024165e-05 -0.000111439271988
0.479002663717 -1.12565822951 -10.6913695264 -1.85703024165e-05 0.000742969214063 0.000260036598171
-0.589178788103 0.675398869962 -8.81366719723 0.000371493319521 9.2868965508e-05 0.000538660968439
-0.0670611590054 0.632283913717 -10.7584312427 0.000594371847243 -0.00013002702783 0.000260036598171
0.82388306424 0.40715423394 -9.52738360226 0.000241466299818 0.000891566515864 -0.000111439271988
1.27415229097 -0.546063831858 -9.88663594723 0.000204308245624 -3.7140604833e-05 0.000408633948736
1.63340419739 0.196396206245 -9.63277264774 -0.000334335265326 9.2868965508e-05 0.000817267897472
0.31134979818 -0.847839033678 -10.1165625 -0.00013002702783 -0.000352905579934 -0.00014859733431
0.220342418142 -0.364039277695 -10.3512767529 0.000482932599637 0.000575801565145 0.000445774545442
0.105379022984 0.66102721788 -9.36931523681 0.000222896001466 -0.000222896001466 0.000427204230834
-0.838254716322 0.201183486152 -11.2422205102 0.000334335265326 0.000297194668621 -0.000167167632663
1.54718407899 0.25387298394 -9.15375997066 -0.000854408461669 0.00113303278317 7.42986671552e-05
-0.0479022315843 0.0143716497975 -10.5332912207 -1.85703024165e-05 -0.000334335265326 0.000297194668621
1.99744351164 0.397569880038 -9.80521288455 -0.000854408461669 0.00061294219436 0.00068724087777
-0.0766357188206 -0.9196875 -10.4279127002 -0.000538660968439 -0.000668670530653 -9.2868965508e-05
-0.320934152082 -0.138909597918 -9.93933456302 0.000260036598171 0.000668670530653 0.000371493319521
0.689760727957 0.895741324648 -9.90580428958 -0.000538660968439 7.42986671552e-05 0.000464362285029
-0.574807136022 0.31134979818 -10.1357214868 0.000167167632663 -0.00014859733431 7.42986671552e-05
0.387995320223 1.01069488004 -9.67109062135 3.7140604833e-05 0.000575801565145 -0.000185737931016
1.15440153368 -0.0191589297052 -9.78125684202 0.000185737931016 -0.000650100248555 0.000315764983228
1.16877318576 -0.277819195837 -10.6147242236 -0.000501502914244 -5.57283647387e-05 0.000761539496161
-0.244288611766 -0.881369672567 -9.50822461545 -0.000390063634129 -0.000334335265326 -5.57283647387e-05
0.493374315798 -1.0394381842 -10.7632177734 -9.2868965508e-05 0.000297194668621 3.7140604833e-05
-0.186811834071 1.02027927049 -8.83762323976 -0.000111439271988 -0.000408633948736 0.000724398931964
-0.138909597918 0.287403568011 -10.8446507764 0.000464362285029 -0.000390063634129 -0.00013002702783
0.517320527695 0.335305804163 -9.47469434202 0.0 0.000427204230834 -9.2868965508e-05
1.31725738004 -0.737662945837 -10.2506847632 -0.000390063634129 -0.000705828584848 0.000482932599637
-6.14083417118 -16.377147063 -19.6343724561 0.0270069272804 0.00627808914037 -0.00174597504255
1.82500342101 -16.7890892529 -5.04390937865 -0.00469928142165 0.0122218423327 -0.00492217760191
13.3833714795 0.479002663717 1.40827455416 -0.0189457238336 0.00624094844614 0.00100300582849
16.2382277441 10.4662400293 -13.3067250073 0.0241650784841 -0.00293473616202 0.00841412742694
2.52434853941 9.14897285521 -30.6993650293 0.011181695875 -0.0444852847235 -0.0117946380044
-3.41530252934 11.012303313 -20.903725791 -0.0102344011529 -0.0122032719856 -0.0028975780428
-9.9728660059 -1.21187834792 -22.3263720703 0.0108287729351 -0.0187413969602 0.0012630423779
-6.47613047361 10.4662400293 -31.9304027295 -0.00977003948555 -0.0162524534188 0.00354767829136
-2.62972735226 -13.4552197266 -3.45362021059 -0.00352910820432 0.0170139926549 -0.00343623904375
6.0641888684 -6.33243339479 10.9548169971 0.00282327948943 -0.00555369007837 -0.00195030074566
1.45616690487 4.55532247066 -16.3005017602 -0.00113303278317 -0.0164010505255 -0.00414205033366
5.93485372066 -8.62686502934 -7.55389627934 0.00360340675769 -0.0140049753645 -0.00468071107453
-4.04758651614 9.8387437427 -27.1403660059 -0.00414205033366 -0.0146179174938 -0.00354767829136
6.56714764774 -0.790352425352 -1.90164886996 0.00339908118461 0.00371484600529 -0.000984435481372
-1.17834778212 1.74836761996 -12.5738502002 -0.000482932599637 -0.00557227759039 -0.000761539496161
0.263447543755 -1.38911556736 -7.88919199705 0.00102157611059 0.00124447216082 -0.000780109843278
-1.50886625156 0.60833770182 -11.18953125 -0.00137449918052 -0.00282327948943 -0.000371493319521
-0.603540646099 -2.95545877934 -12.3487195337 0.00104016388268 -0.000482932599637 -0.000352905579934
3.39613360226 -0.747247336283 -6.47134335816 -0.00280470914231 0.00234034695481 -0.00014859733431
-0.675398869962 2.95066172361 -12.1379624927 0.00369627565818 -0.00354767829136 -3.7140604833e-05
0.0383178594103 1.86811830416 -12.8181480396 -0.000817267897472 0.00144879786393 -0.00135591140842
0.201183486152 4.53616348386 -9.58487050295 0.00286043760864 -0.00252610218077 -0.00131877084423
-1.1591888684 -0.182024554163 -13.6132875073 -0.000464362285029 0.000668670530653 -0.00148593842813
1.77710113004 1.17356052049 -6.10730389774 -0.00172740469543 0.00163453579494 -0.000631529966456
-2.24174193576 -6.36116719723 -16.2142822266 0.00250751440867 -0.00432778813464 -0.00102157611059
1.60466089323 2.73990351319 -6.57193476319 -0.00273041058894 0.00612949151348 -0.00130020049711
-1.83458773836 -3.97094092101 -14.7341589868 0.00390058406635 -0.00598089440673 -0.000482932599637
-0.627496652082 3.26202127934 -10.5955652368 -0.00128163014999 0.0034919500851 -0.00100300582849
0.819095729515 1.44180511996 -7.80297187865 0.00291614838992 -0.00152307899232 -0.0012259018137
-1.96391294584 -0.948430804163 -14.7772740161 -0.000352905579934 9.2868965508e-05 -0.00133734106131
3.45362021059 -0.378410929777 -3.78891622066 -0.00226604814137 0.00336194049038 7.42986671552e-05
-1.04902257465 -4.35414901614 -15.7783839941 0.00252610218077 -0.0058323144649 -0.000278606896524
2.29443148836 -0.536479477957 -4.70381660521 -0.00269326989471 0.00531222355099 -0.000167167632663
-0.56522278212 -1.07296875 -13.2396644604 0.00280470914231 -0.00393774192549 -0.000910136862981
0.522117619962 4.70860372066 -9.60402948976 -0.00165310601202 0.00373341635241 -0.00159737767573
2.18425532743 1.31725738004 -6.49050176024 0.00146736808101 -0.00206173999327 -0.000297194668621
-2.18425532743 -2.5195611316 -16.8513527441 0.000167167632663 -0.00230320626058 0.000260036598171
1.9591256842 0.349677456245 -5.77678535521 0.0 0.00105873416478 0.000501502914244
-1.08255314045 -3.05604053646 -13.5366527295 -0.00014859733431 -0.00200601165698 0.000538660968439
2.27527250156 -0.191599113978 -5.54686815798 -0.00165310601202 0.00295330650913 0.000352905579934
-1.19750669584 0.210758045968 -13.0193214941 0.00313904457019 -0.00404918143317 -0.000594371847243
0.421525886022 3.67396259218 -10.6051499927 -0.000482932599637 0.00308331610386 -0.00137449918052
0.742460074648 1.86332124844 -9.82437128663 0.00265611177549 -0.00263754168845 -0.000501502914244
-0.201183486152 2.38065160677 -12.2816589868 1.85703024165e-05 0.000817267897472 -0.000557231283047
2.98419228941 -0.0958044631686 -6.05940175295 -0.000928707145079 0.0012630423779 0.00113303278317
-0.97716431424 -4.46910235226 -14.7054152441 0.000575801565145 -0.00306474575674 0.000520073196343
1.81542875156 1.42264613315 -6.86891309202 -0.00157880732861 0.00332478237117 0.000390063634129
-1.52802523836 -3.97572803646 -14.6862562573 0.00191314262645 -0.00369627565818 0.000910136862981
0.570010043755 2.77822148681 -8.54543202639 -0.000910136862981 0.00417920845287 -0.000501502914244
0.689760727957 1.48969761685 -9.23040585816 0.00234034695481 -0.00176454538967 0.0
-0.617912261635 0.435897538103 -12.4732582104 -0.000557231283047 0.000910136862981 0.000352905579934
2.1794680658 -7.81734375 -4.64633964479 -0.00219176701297 0.00637095804086 0.000742969214063
1.38431851164 5.79115664184 -3.50630976319 -0.000557231283047 0.00135591140842 -0.00131877084423
-0.775990640447 0.0287432995951 -13.5079089868 0.001095874794 -0.00824695997308 0.000631529966456
-3.60210440487 -0.617912261635 -16.1232749927 -0.000111439271988 -0.00503361684952 -0.000260036598171
-0.373623668142 -0.110166302891 -13.4743787134 0.000222896001466 -0.000408633948736 0.000204308245624
-0.699345118403 0.665814479515 -11.3619714868 0.000278606896524 0.00256324287501 -3.7140604833e-05
1.72920863315 -1.02985379376 -7.94667889774 -0.00014859733431 0.00377057447162 0.00061294219436
1.04902257465 0.330508711897 -8.53106073976 0.000260036598171 -0.000278606896524 0.000408633948736
0.651442827433 -0.493374315798 -9.99681152344 0.000371493319521 -0.00113303278317 0.000650100248555
-0.0526895114919 0.546063831858 -11.0218787134 -5.57283647387e-05 -0.00137449918052 0.000241466299818
-0.100591743076 -0.273031915929 -10.7296875 0.000501502914244 -0.00013002702783 0.000390063634129
0.124537945837 0.201183486152 -10.2602589941 -5.57283647387e-05 0.000352905579934 0.000241466299818
0.536479477957 0.229916977957 -9.45074823976 0.000408633948736 0.000575801565145 0.000315764983228
0.445472097918 -0.0479022315843 -9.76688497066 0.000167167632663 -1.85703024165e-05 0.000352905579934
0.40715423394 0.249085704032 -9.90580428958 0.000241466299818 3.7140604833e-05 0.000260036598171
0.35446471788 -0.0910073709022 -10.140509187 0.000260036598171 -0.000334335265326 0.000408633948736
0.273031915929 0.0958044631686 -10.092615813 0.00014859733431 0.00014859733431 0.000260036598171
0.440684836283 0.00958436988993 -9.91537852049 0.000167167632663 1.85703024165e-05 0.000427204230834
0.330508711897 -0.00478727990761 -9.89143300295 0.000222896001466 0.000241466299818 0.000297194668621
0.440684836283 0.0862200909946 -9.85790272951 0.00014859733431 -9.2868965508e-05 0.000427204230834
0.31134979818 0.081432811087 -10.0015992236 0.000222896001466 9.2868965508e-05 0.000260036598171
0.364039277695 0.0670611590054 -10.0159705102 0.000204308245624 -0.00013002702783 0.000427204230834
0.273031915929 0.0239462096128 -9.96806895018 0.000204308245624 0.00013002702783 0.000315764983228
0.368836369962 0.0479022315843 -9.88663594723 0.000185737931016 5.57283647387e-05 0.000352905579934
0.364039277695 0.110166302891 -9.94890996337 0.000222896001466 0.00014859733431 0.000334335265326
0.373623668142 -0.0143716497975 -9.89621953368 0.000185737931016 1.85703024165e-05 0.000352905579934
0.368836369962 0.124537945837 -9.9728660059 0.000204308245624 9.2868965508e-05 0.000315764983228
0.335305804163 -0.0479022315843 -9.91537852049 0.000260036598171 0.0 0.000334335265326
0.35925201606 0.129335038103 -10.0447142529 0.000222896001466 -1.85703024165e-05 0.000352905579934
0.344880363978 -0.00478727990761 -9.97765253663 0.000185737931016 -1.85703024165e-05 0.000334335265326
0.277819195837 0.100591743076 -9.99681152344 0.000185737931016 3.7140604833e-05 0.000352905579934
0.368836369962 0.0287432995951 -10.0111839795 0.000241466299818 1.85703024165e-05 0.000334335265326
0.287403568011 0.081432811087 -10.0063962793 0.000185737931016 0.0 0.000390063634129
0.421525886022 0.0479022315843 -9.96806895018 0.000204308245624 5.57283647387e-05 0.000371493319521
0.31134979818 0.0670611590054 -10.0782445264 0.000204308245624 1.85703024165e-05 0.000315764983228
0.397569880038 0.0766357188206 -9.97765253663 0.000222896001466 7.42986671552e-05 0.000371493319521
0.316146853901 0.0574767913995 -10.0159705102 0.000222896001466 3.7140604833e-05 0.000315764983228
0.364039277695 0.0574767913995 -10.0063962793 0.00014859733431 3.7140604833e-05 0.000352905579934
0.330508711897 0.100591743076 -10.0207582104 0.000204308245624 5.57283647387e-05 0.000334335265326
0.35925201606 0.071848438913 -9.96806895018 0.000222896001466 0.000111439271988 0.000334335265326
0.325721413717 0.0766357188206 -9.92016622066 0.000204308245624 9.2868965508e-05 0.000371493319521
0.387995320223 0.0766357188206 -9.91059198976 0.000204308245624 3.7140604833e-05 0.000297194668621
0.364039277695 0.0526895114919 -9.95849354982 0.000204308245624 7.42986671552e-05 0.000352905579934
0.344880363978 0.0431149516767 -9.98722793698 0.000222896001466 1.85703024165e-05 0.000371493319521
0.330508711897 0.0526895114919 -9.96328125 0.000204308245624 5.57283647387e-05 0.000315764983228
0.364039277695 0.081432811087 -9.9345375073 0.000222896001466 3.7140604833e-05 0.000315764983228
0.364039277695 0.0958044631686 -9.99681152344 0.000222896001466 5.57283647387e-05 0.000334335265326
0.344880363978 0.071848438913 -10.0015992236 0.000167167632663 5.57283647387e-05 0.000334335265326
0.335305804163 0.100591743076 -9.99681152344 0.000222896001466 5.57283647387e-05 0.000352905579934
0.349677456245 0.0862200909946 -9.9728660059 0.000222896001466 7.42986671552e-05 0.000315764983228
0.35925201606 0.0335305795027 -9.96806895018 0.000204308245624 5.57283647387e-05 0.000390063634129
0.340093065798 0.0383178594103 -9.93933456302 0.000185737931016 5.57283647387e-05 0.000371493319521
0.344880363978 0.0287432995951 -9.96328125 0.000241466299818 1.85703024165e-05 0.000390063634129
0.330508711897 0.0670611590054 -10.0159705102 0.000204308245624 3.7140604833e-05 0.000334335265326
0.364039277695 0.0670611590054 -9.9536964941 0.000185737931016 5.57283647387e-05 0.000371493319521
0.340093065798 0.0670611590054 -9.99681152344 0.000222896001466 5.57283647387e-05 0.000352905579934
0.330508711897 0.0670611590054 -9.96328125 0.00014859733431 5.57283647387e-05 0.000352905579934
0.349677456245 0.0526895114919 -9.97765253663 0.000222896001466 7.42986671552e-05 0.000334335265326
0.335305804163 0.0670611590054 -9.97765253663 0.000185737931016 1.85703024165e-05 0.000334335265326
0.349677456245 0.081432811087 -9.96806895018 0.000241466299818 3.7140604833e-05 0.000352905579934
0.349677456245 0.0431149516767 -10.0111839795 0.000185737931016 9.2868965508e-05 0.000352905579934
0.373623668142 0.0622738790978 -9.97765253663 0.000222896001466 3.7140604833e-05 0.000352905579934
0.35446471788 0.0479022315843 -9.94890996337 0.000185737931016 5.57283647387e-05 0.000352905579934
0.330508711897 0.0431149516767 -9.93933456302 0.000204308245624 3.7140604833e-05 0.000352905579934
0.325721413717 0.0910073709022 -9.96328125 0.000204308245624 7.42986671552e-05 0.000352905579934
0.335305804163 0.0670611590054 -10.0207582104 0.000185737931016 1.85703024165e-05 0.000334335265326
0.35446471788 0.0862200909946 -9.95849354982 0.000167167632663 5.57283647387e-05 0.000334335265326
0.325721413717 0.0431149516767 -9.94890996337 0.000222896001466 7.42986671552e-05 0.000315764983228
0.35446471788 0.0239462096128 -9.96806895018 0.000185737931016 9.2868965508e-05 0.000334335265326
0.35446471788 0.0431149516767 -10.0015992236 0.000185737931016 1.85703024165e-05 0.000371493319521
0.364039277695 0.0526895114919 -9.96328125 0.000185737931016 1.85703024165e-05 0.000315764983228
0.344880363978 0.0431149516767 -9.95849354982 0.00014859733431 1.85703024165e-05 0.000278606896524
0.378410929777 0.0431149516767 -9.96806895018 0.000204308245624 9.2868965508e-05 0.000334335265326
0.325721413717 0.0526895114919 -9.96806895018 0.000185737931016 0.0 0.000371493319521
0.368836369962 0.0766357188206 -9.98244023681 0.000204308245624 5.57283647387e-05 0.000315764983228
0.330508711897 0.0526895114919 -10.0447142529 0.000204308245624 5.57283647387e-05 0.000297194668621
0.364039277695 0.0910073709022 -9.92496327639 0.000204308245624 1.85703024165e-05 0.000371493319521
0.325721413717 0.0574767913995 -10.0207582104 0.000185737931016 7.42986671552e-05 0.000371493319521
0.335305804163 0.071848438913 -9.98722793698 0.000185737931016 1.85703024165e-05 0.000315764983228
0.344880363978 0.0526895114919 -10.0351294971 0.000222896001466 3.7140604833e-05 0.000371493319521
0.340093065798 0.0335305795027 -10.0015992236 0.000204308245624 7.42986671552e-05 0.000352905579934
0.344880363978 0.0958044631686 -9.96328125 0.000222896001466 5.57283647387e-05 0.000352905579934
0.378410929777 0.0574767913995 -9.94412226319 0.000185737931016 5.57283647387e-05 0.000334335265326
0.368836369962 0.0670611590054 -9.96806895018 0.000204308245624 1.85703024165e-05 0.000352905579934
0.368836369962 0.0574767913995 -9.98722793698 0.000204308245624 3.7140604833e-05 0.000278606896524
0.31134979818 0.0431149516767 -10.0015992236 0.000167167632663 1.85703024165e-05 0.000315764983228
0.364039277695 0.0670611590054 -9.95849354982 0.000185737931016 7.42986671552e-05 0.000352905579934
0.335305804163 0.0431149516767 -10.0399171972 0.000222896001466 3.7140604833e-05 0.000371493319521
0.349677456245 0.0766357188206 -9.9728660059 0.000204308245624 9.2868965508e-05 0.000315764983228
0.349677456245 0.071848438913 -9.9920249927 0.000167167632663 0.0 0.000334335265326
0.383198227957 0.0479022315843 -9.9728660059 0.000241466299818 9.2868965508e-05 0.000315764983228
0.330508711897 0.0766357188206 -10.0063962793 0.000167167632663 0.0 0.000371493319521
0.349677456245 0.0287432995951 -9.94412226319 0.000185737931016 7.42986671552e-05 0.000352905579934
0.325721413717 0.0766357188206 -9.98722793698 0.000204308245624 3.7140604833e-05 0.000371493319521
0.344880363978 0.0574767913995 -9.98244023681 0.000204308245624 3.7140604833e-05 0.000371493319521
0.364039277695 0.0574767913995 -9.98722793698 0.000167167632663 3.7140604833e-05 0.000352905579934
0.373623668142 0.119750665929 -9.9920249927 0.000204308245624 7.42986671552e-05 0.000352905579934
0.320934152082 0.0766357188206 -10.0351294971 0.000185737931016 0.0 0.000352905579934
0.373623668142 0.071848438913 -10.0015992236 0.000222896001466 0.0 0.000334335265326
0.3065625 0.071848438913 -9.9920249927 0.000222896001466 7.42986671552e-05 0.000315764983228
0.35925201606 0.0862200909946 -9.97765253663 0.000204308245624 5.57283647387e-05 0.000371493319521
0.335305804163 0.0910073709022 -9.9345375073 0.000204308245624 0.000111439271988 0.000315764983228
0.435897538103 0.0622738790978 -9.9728660059 0.000185737931016 -1.85703024165e-05 0.000334335265326
0.45505645182 0.081432811087 -10.0015992236 0.000222896001466 -1.85703024165e-05 0.000352905579934
0.392782581858 -0.0431149516767 -10.0159705102 0.000204308245624 0.0 0.000334335265326
0.316146853901 -0.0239462096128 -10.0063962793 0.000167167632663 -3.7140604833e-05 0.000334335265326
0.344880363978 0.071848438913 -10.1453062427 0.000185737931016 3.7140604833e-05 0.000371493319521
0.373623668142 0.071848438913 -10.0015992236 0.000185737931016 0.000185737931016 0.000352905579934
0.349677456245 0.0670611590054 -9.85311502934 0.000167167632663 9.2868965508e-05 0.000352905579934
0.344880363978 0.0862200909946 -9.88663594723 0.000167167632663 9.2868965508e-05 0.000371493319521
0.330508711897 0.0622738790978 -9.98722793698 0.000185737931016 0.0 0.000334335265326
0.340093065798 0.114963386022 -10.0015992236 0.000185737931016 5.57283647387e-05 0.000390063634129
0.344880363978 0.0574767913995 -10.0063962793 0.000222896001466 5.57283647387e-05 0.000297194668621
0.35925201606 0.0287432995951 -9.94412226319 0.000185737931016 9.2868965508e-05 0.000390063634129
0.364039277695 0.0670611590054 -9.9345375073 0.000204308245624 5.57283647387e-05 0.000334335265326
0.35925201606 0.0335305795027 -9.93933456302 0.00014859733431 5.57283647387e-05 0.000352905579934
0.335305804163 0.0910073709022 -10.0303429663 0.000222896001466 3.7140604833e-05 0.000334335265326
0.316146853901 0.0526895114919 -9.99681152344 0.000167167632663 3.7140604833e-05 0.000371493319521
0.780777902082 -0.114963386022 -9.80041582882 0.00014859733431 0.00013002702783 0.000315764983228
0.704132380038 0.0 -7.4437201184 9.2868965508e-05 -0.000427204230834 0.000575801565145
-0.191599113978 -1.10171205416 -10.9979320264 9.2868965508e-05 -0.00118874369449 0.00061294219436
-0.129335038103 1.33162895903 -10.5093445337 0.000501502914244 0.000835838179571 0.000260036598171
0.958005327433 0.771193511635 -10.293790437 0.000482932599637 -5.57283647387e-05 0.000297194668621
0.469428103901 0.0143716497975 -10.1357214868 0.000185737931016 3.7140604833e-05 0.000501502914244
0.550851130038 -0.397569880038 -9.87706171632 0.000185737931016 3.7140604833e-05 0.000297194668621
-0.0958044631686 0.435897538103 -10.1021912134 0.000241466299818 -0.00013002702783 -1.85703024165e-05
0.531692179777 -0.263447543755 -9.90100723386 0.000222896001466 -9.2868965508e-05 0.000315764983228
0.292190847918 -0.124537945837 -10.1069777441 0.00013002702783 0.000222896001466 0.000185737931016
0.431100445837 0.0335305795027 -10.1309337866 0.000167167632663 0.00013002702783 0.000538660968439
0.258660263848 0.105379022984 -10.0638732398 0.000278606896524 0.000241466299818 0.000352905579934
0.387995320223 0.0 -9.84353027344 0.000185737931016 0.00013002702783 0.000538660968439
0.301775220092 0.234714051951 -9.97765253663 0.000222896001466 -1.85703024165e-05 0.000297194668621
0.282616288103 0.0910073709022 -10.0830322266 0.000204308245624 -7.42986671552e-05 0.000427204230834
0.31134979818 0.124537945837 -10.0447142529 0.000222896001466 0.0 0.000278606896524
0.244288611766 -0.0383178594103 -10.0255552661 0.000241466299818 1.85703024165e-05 0.000334335265326
0.301775220092 0.100591743076 -10.0399171972 0.00014859733431 3.7140604833e-05 0.000241466299818
0.488587054163 0.0287432995951 -9.86747696042 0.000185737931016 5.57283647387e-05 0.000315764983228
0.45984375 0.00958436988993 -9.9536964941 0.000167167632663 7.42986671552e-05 0.000371493319521
0.402366972305 0.0958044631686 -9.96806895018 0.000185737931016 3.7140604833e-05 0.000315764983228
0.35925201606 -0.00958436988993 -10.0399171972 0.000167167632663 3.7140604833e-05 0.000427204230834
0.383198227957 0.0431149516767 -10.0399171972 0.000167167632663 5.57283647387e-05 0.000408633948736
0.273031915929 0.110166302891 -10.0159705102 0.000204308245624 5.57283647387e-05 0.000445774545442
0.301775220092 0.100591743076 -9.94412226319 0.000185737931016 0.000111439271988 0.000352905579934
0.287403568011 0.172440181989 -9.9728660059 0.000185737931016 -3.7140604833e-05 0.000390063634129
0.292190847918 0.0574767913995 -10.0063962793 0.000185737931016 7.42986671552e-05 0.000297194668621
0.277819195837 0.134122318011 -9.9920249927 0.000185737931016 0.0 0.000352905579934
0.35925201606 0.0335305795027 -9.98722793698 0.000260036598171 7.42986671552e-05 0.000297194668621
0.3065625 0.071848438913 -9.98244023681 0.00014859733431 7.42986671552e-05 0.000297194668621
0.35925201606 0.0383178594103 -9.9920249927 0.000260036598171 1.85703024165e-05 0.000371493319521
0.320934152082 -0.00478727990761 -10.0207582104 0.000167167632663 5.57283647387e-05 0.000371493319521
0.325721413717 0.071848438913 -9.98244023681 0.000167167632663 3.7140604833e-05 0.000334335265326
0.383198227957 0.0335305795027 -9.9345375073 0.000204308245624 7.42986671552e-05 0.000334335265326
0.35446471788 0.0622738790978 -9.90580428958 0.00014859733431 7.42986671552e-05 0.000390063634129
0.349677456245 0.0239462096128 -9.9728660059 0.000167167632663 5.57283647387e-05 0.000371493319521
0.35925201606 0.0574767913995 -9.9920249927 0.000167167632663 9.2868965508e-05 0.000315764983228
0.378410929777 0.105379022984 -9.96806895018 0.000185737931016 3.7140604833e-05 0.000352905579934
0.325721413717 0.0574767913995 -9.96328125 0.000185737931016 7.42986671552e-05 0.000334335265326
0.35446471788 0.0862200909946 -9.98722793698 0.000241466299818 -3.7140604833e-05 0.000352905579934
0.335305804163 0.0526895114919 -9.99681152344 0.000167167632663 5.57283647387e-05 0.000297194668621
0.344880363978 0.110166302891 -9.98244023681 0.000167167632663 5.57283647387e-05 0.000334335265326
0.340093065798 0.0622738790978 -9.9728660059 0.000204308245624 7.42986671552e-05 0.000334335265326
0.35446471788 0.071848438913 -9.96328125 0.000167167632663 0.0 0.000334335265326
0.330508711897 0.0862200909946 -9.94412226319 0.000222896001466 3.7140604833e-05 0.000297194668621
0.330508711897 0.0383178594103 -9.98722793698 0.000167167632663 0.0 0.000315764983228
0.330508711897 0.0670611590054 -9.94890996337 0.000222896001466 5.57283647387e-05 0.000315764983228
0.35446471788 0.0191589297052 -9.92496327639 0.000167167632663 3.7140604833e-05 0.000334335265326
0.344880363978 0.0862200909946 -9.95849354982 0.00014859733431 7.42986671552e-05 0.000315764983228
0.368836369962 0.0670611590054 -9.96806895018 0.000204308245624 0.0 0.000297194668621
0.325721413717 0.0670611590054 -10.0015992236 0.000185737931016 5.57283647387e-05 0.000297194668621
0.402366972305 0.071848438913 -9.9345375073 0.000185737931016 3.7140604833e-05 0.000315764983228
0.340093065798 0.0479022315843 -9.94412226319 0.000185737931016 7.42986671552e-05 0.000371493319521
0.340093065798 0.0670611590054 -9.9536964941 0.000204308245624 5.57283647387e-05 0.000315764983228
0.335305804163 0.0431149516767 -9.98722793698 0.000222896001466 3.7140604833e-05 0.000315764983228
0.349677456245 0.0574767913995 -9.9728660059 0.000204308245624 0.0 0.000315764983228
0.349677456245 0.081432811087 -9.9920249927 0.000222896001466 5.57283647387e-05 0.000334335265326
0.35925201606 0.0431149516767 -9.9345375073 0.000204308245624 7.42986671552e-05 0.000390063634129
0.335305804163 0.0479022315843 -9.94412226319 0.000222896001466 7.42986671552e-05 0.000352905579934
0.364039277695 0.0910073709022 -9.96328125 0.000204308245624 5.57283647387e-05 0.000334335265326
0.349677456245 0.100591743076 -9.97765253663 0.000204308245624 7.42986671552e-05 0.000315764983228
0.416728793755 0.071848438913 -9.99681152344 0.000185737931016 1.85703024165e-05 0.000315764983228
0.320934152082 0.0239462096128 -9.9345375073 0.000204308245624 0.00013002702783 0.000315764983228
0.349677456245 0.0431149516767 -9.9728660059 0.000222896001466 -1.85703024165e-05 0.000334335265326
0.344880363978 0.0766357188206 -9.98244023681 0.000222896001466 0.00013002702783 0.000334335265326
0.392782581858 0.119750665929 -9.95849354982 0.000185737931016 1.85703024165e-05 0.000352905579934
0.330508711897 0.071848438913 -9.91059198976 0.000204308245624 0.00013002702783 0.000334335265326
0.35446471788 0.0574767913995 -10.0447142529 0.00014859733431 1.85703024165e-05 0.000390063634129
0.378410929777 0.0479022315843 -10.0303429663 0.000204308245624 7.42986671552e-05 0.000278606896524
0.335305804163 0.0574767913995 -9.99681152344 0.000167167632663 -3.7140604833e-05 0.000390063634129
0.35925201606 0.0574767913995 -9.93933456302 0.000185737931016 0.00013002702783 0.000260036598171
0.330508711897 0.0431149516767 -10.0159705102 0.000204308245624 3.7140604833e-05 0.000408633948736
0.364039277695 0.0574767913995 -9.94412226319 0.000204308245624 5.57283647387e-05 0.000260036598171
0.344880363978 0.0862200909946 -9.95849354982 0.000185737931016 -1.85703024165e-05 0.000352905579934
0.344880363978 0.0622738790978 -10.0207582104 0.000204308245624 9.2868965508e-05 0.000352905579934
0.344880363978 0.0670611590054 -9.9920249927 0.00013002702783 5.57283647387e-05 0.000334335265326
0.35925201606 0.0766357188206 -10.0351294971 0.000185737931016 9.2868965508e-05 0.000371493319521
0.364039277695 0.0910073709022 -10.0303429663 0.000185737931016 1.85703024165e-05 0.000334335265326
0.335305804163 0.0526895114919 -9.96328125 0.000185737931016 9.2868965508e-05 0.000352905579934
0.397569880038 0.0335305795027 -9.9536964941 0.000185737931016 1.85703024165e-05 0.000352905579934
0.330508711897 0.0574767913995 -10.0015992236 0.000185737931016 3.7140604833e-05 0.000315764983228
0.349677456245 0.0383178594103 -9.98244023681 0.000185737931016 3.7140604833e-05 0.000352905579934
0.364039277695 0.0958044631686 -9.9920249927 0.000222896001466 7.42986671552e-05 0.000352905579934
0.368836369962 0.0479022315843 -9.9536964941 0.000185737931016 -1.85703024165e-05 0.000334335265326
0.31134979818 0.0670611590054 -10.0303429663 0.000241466299818 3.7140604833e-05 0.000352905579934
0.344880363978 0.0335305795027 -10.0159705102 0.000185737931016 5.57283647387e-05 0.000352905579934
0.344880363978 0.0910073709022 -9.9536964941 0.000167167632663 0.000111439271988 0.000334335265326
0.364039277695 -0.00478727990761 -9.95849354982 0.000185737931016 7.42986671552e-05 0.000352905579934
0.335305804163 0.081432811087 -9.9345375073 0.000185737931016 7.42986671552e-05 0.000352905579934
0.340093065798 0.0383178594103 -10.0111839795 0.000241466299818 0.0 0.000352905579934
0.3065625 0.0479022315843 -10.0063962793 0.000241466299818 1.85703024165e-05 0.000315764983228
0.378410929777 0.0526895114919 -9.95849354982 0.000185737931016 3.7140604833e-05 0.000390063634129
0.335305804163 0.0910073709022 -10.0159705102 0.000241466299818 3.7140604833e-05 0.000352905579934
0.349677456245 0.0239462096128 -9.96806895018 0.000204308245624 5.57283647387e-05 0.000352905579934
0.3065625 0.0958044631686 -9.98722793698 0.000204308245624 5.57283647387e-05 0.000390063634129
0.402366972305 0.0239462096128 -9.96328125 0.000167167632663 3.7140604833e-05 0.000371493319521
0.35925201606 0.0958044631686 -10.0063962793 0.000204308245624 0.0 0.000315764983228
0.368836369962 0.0239462096128 -9.97765253663 0.000185737931016 7.42986671552e-05 0.000408633948736
0.349677456245 0.105379022984 -9.99681152344 0.00014859733431 3.7140604833e-05 0.000352905579934
0.344880363978 0.0335305795027 -9.97765253663 0.000167167632663 7.42986671552e-05 0.000371493319521
0.31134979818 0.0622738790978 -9.96328125 0.000204308245624 3.7140604833e-05 0.000334335265326
0.316146853901 0.0239462096128 -9.92975097656 0.000204308245624 5.57283647387e-05 0.000371493319521
0.320934152082 0.081432811087 -10.0111839795 0.000204308245624 3.7140604833e-05 0.000315764983228
0.277819195837 0.0766357188206 -9.92496327639 0.000185737931016 3.7140604833e-05 0.000334335265326
0.364039277695 0.0431149516767 -10.0686597705 0.000185737931016 1.85703024165e-05 0.000260036598171
0.282616288103 0.0910073709022 -9.97765253663 0.00014859733431 5.57283647387e-05 0.000334335265326
0.41194153212 0.0143716497975 -9.92496327639 0.000241466299818 0.000111439271988 0.000260036598171
0.335305804163 0.148493970092 -9.9920249927 0.000204308245624 -1.85703024165e-05 0.000427204230834
0.383198227957 -0.0766357188206 -9.92975097656 0.000222896001466 7.42986671552e-05 0.000315764983228
0.292190847918 0.134122318011 -10.0590855396 0.00014859733431 -1.85703024165e-05 0.000390063634129
0.387995320223 -0.00478727990761 -9.99681152344 0.000241466299818 0.000111439271988 0.000352905579934
