0.20597076606 -0.186811834071 -9.96806895018 0.000222896001466 3.7140604833e-05 0.000352905579934
0.172440181989 -0.191599113978 -9.98722793698 0.000222896001466 1.85703024165e-05 0.000352905579934
0.201183486152 -0.210758045968 -9.96806895018 0.000185737931016 7.42986671552e-05 0.000315764983228
0.167652902082 -0.20597076606 -10.0207582104 0.00014859733431 3.7140604833e-05 0.000352905579934
0.210758045968 -0.201183486152 -10.0207582104 0.000204308245624 9.2868965508e-05 0.000371493319521
0.177227461897 -0.186811834071 -9.97765253663 0.000167167632663 0.0 0.000334335265326
0.186811834071 -0.177227461897 -10.0015992236 0.000185737931016 1.85703024165e-05 0.000315764983228
0.148493970092 -0.177227461897 -9.9728660059 0.000167167632663 0.0 0.000371493319521
0.167652902082 -0.210758045968 -10.0159705102 0.000167167632663 3.7140604833e-05 0.000315764983228
0.158068529908 -0.177227461897 -10.0303429663 0.000167167632663 7.42986671552e-05 0.000297194668621
0.177227461897 -0.215555138234 -9.94412226319 0.000204308245624 5.57283647387e-05 0.000297194668621
0.20597076606 -0.191599113978 -9.96328125 0.000167167632663 9.2868965508e-05 0.000334335265326
0.191599113978 -0.186811834071 -9.99681152344 0.000185737931016 5.57283647387e-05 0.000352905579934
0.162865622174 -0.162865622174 -9.98244023681 0.000241466299818 5.57283647387e-05 0.000352905579934
0.158068529908 -0.210758045968 -9.96328125 0.000204308245624 5.57283647387e-05 0.000371493319521
-3.23806523681 1.17834778212 -13.2923537207 5.57283647387e-05 -0.00287900795576 -0.0135406136971
4.06194815487 1.60466089323 -9.65193163455 -0.000520073196343 -0.00540509245148 -0.0283442689919
2.6393118158 -0.335305804163 -15.1700560498 0.00293473616202 -0.00514505609713 -0.0437980435206
-0.177227461897 7.84608690798 -9.61840077639 0.00280470914231 0.00252610218077 -0.0515063427528
-2.42855375156 -1.61424535677 -11.6972777295 -0.000780109843278 -0.00118874369449 -0.0485901938428
3.34824139774 -4.05716103941 -9.30704122066 0.000650100248555 -0.000594371847243 -0.0459526531946
1.8058444342 2.15072476164 -10.9212867236 0.00169024670626 -0.00167167635914 -0.0479958220605
0.938846413717 -0.71850403212 -8.54543202639 -0.000557231283047 0.00170883447835 -0.0471785520175
1.60466089323 -2.91713115782 -8.46878672361 0.00204316964615 0.000390063634129 -0.0464912941698
1.33162895903 4.04278916806 -8.95258651614 0.00185743171514 -0.00159737767573 -0.0462498286828
-0.790352425352 0.656239956245 -9.20645917118 0.000445774545442 -0.000872996233766 -0.0474571602794
1.01549193576 -0.795149554163 -9.91059198976 0.00113303278317 -0.0024518036274 -0.046324126716
1.97828467101 -0.483789961897 -10.4039660132 0.000575801565145 0.000464362285029 -0.0455440160925
0.00478727990761 -2.01181523681 -11.9511497998 0.000575801565145 -0.00102157611059 -0.0452654119918
0.368836369962 -1.58071479097 -10.7440587866 0.000761539496161 0.00061294219436 -0.045395420026
-0.162865622174 -0.86221068576 -8.91905565798 0.000501502914244 0.00104016388268 -0.0459712204208
0.0287432995951 1.56155580416 -9.95849354982 0.000780109843278 -0.00061294219436 -0.0450425137309
-0.124537945837 0.603540646099 -9.29267928958 -5.57283647387e-05 -0.00111446256609 -0.0450610851183
-2.21778589323 -0.3065625 -12.8899962866 0.00148593842813 -0.00144879786393 -0.044931077084
0.162865622174 0.0910073709022 -10.3464796972 0.00068724087777 0.00124447216082 -0.0447081788232
-0.0622738790978 -0.0910073709022 -9.66630292118 0.000854408461669 0.000594371847243 -0.0450425137309
0.0191589297052 -2.4525 -9.63277264774 0.00120733146658 0.00105873416478 -0.0448567748896
0.330508711897 1.65735044584 -8.34903574705 0.00120733146658 -0.000501502914244 -0.0455997468995
0.881369672567 -0.292190847918 -11.2518052661 0.000965865199274 -0.00131877084423 -0.0447267502106
-0.646655565798 2.0597173816 -12.0709007764 0.00159737767573 -0.00312047422307 -0.045339710025
-2.24174193576 0.167652902082 -12.7319285059 0.000482932599637 -0.00165310601202 -0.0446524521774
-0.435897538103 -2.13156592101 -11.6110570264 0.000557231283047 0.000668670530653 -0.0437794721332
1.26936488315 0.158068529908 -8.89509961545 0.000835838179571 0.00113303278317 -0.0446338807899
1.69567806736 -1.3124701184 -7.86524589479 0.00111446256609 0.00195030074566 -0.0440395090077
0.761618988365 -1.27415229097 -9.44596053958 0.000575801565145 -0.00345480939087 -0.0444852847235
-0.282616288103 1.13524261996 -13.48875 0.00161596544783 -0.0050150465024 -0.0440952190088
-1.23103726164 0.364039277695 -13.7953125 0.0010773045119 -0.00362197710481 -0.0450053584725
-1.08255314045 0.244288611766 -12.1140064502 0.000854408461669 0.000371493319521 -0.0437237454874
0.622709390447 -0.895741324648 -9.69503672361 -0.000408633948736 0.003844873025 -0.0433151083853
0.996323227957 -1.73399604097 -9.74772598386 0.0013930693976 -0.000854408461669 -0.0436680146804
1.6525631842 -1.01069488004 -9.28788223386 0.000650100248555 0.000538660968439 -0.0439466229423
1.5998736316 -0.296978127826 -8.61249315798 0.00146736808101 -0.00206173999327 -0.0444109866903
0.50774596788 2.10761967257 -11.3236535132 0.00200601165698 -0.00276756870815 -0.0442066764616
-1.81063169584 -0.0574767913995 -12.7271314502 0.0010773045119 -0.003844873025 -0.0442066764616
-0.737662945837 -0.110166302891 -12.2433410132 0.00217317924088 0.000668670530653 -0.0437794721332
0.876572543755 1.17834778212 -6.51924550295 -0.000501502914244 0.00354767829136 -0.0437423127136
0.584381695837 -1.06338435955 -8.89509961545 0.000761539496161 0.00068724087777 -0.042720736603
0.962802456245 -0.828680119962 -8.98131973386 0.000910136862981 0.00261897134134 -0.0428321774111
-0.387995320223 0.905315847918 -8.13827812135 0.00161596544783 -0.000260036598171 -0.0441138070409
-0.737662945837 -0.991535966322 -12.3439330029 0.00154166676442 -0.000910136862981 -0.0428507487985
-0.46463104818 0.70892943576 -10.5811939502 0.00115160313029 0.00157880732861 -0.0434079778059
-0.301775220092 0.301775220092 -9.07233690798 0.000371493319521 0.0021546090238 -0.0428321774111
2.00224056736 -1.64297886685 -7.9035638684 -0.000334335265326 0.00217317924088 -0.0430550715108
1.9591256842 -0.67060181424 -9.22082110226 0.000557231283047 -0.00252610218077 -0.0430179162524
1.33641636685 0.0958044631686 -11.2422205102 0.00167167635914 -0.0012630423779 -0.0426278713436
-0.0143716497975 -1.03465092257 -11.1847435498 0.00131877084423 0.000464362285029 -0.0436123046794
1.67172217101 -0.469428103901 -7.54909922361 0.00189457240937 0.00393774192549 -0.0429807734775
1.42264613315 2.03097407743 -4.43078467101 0.000965865199274 0.00202459942907 -0.0439094801675
1.47053863004 -0.622709390447 -6.96950449705 0.000835838179571 -0.00256324287501 -0.0428693368307
1.49449467257 -0.914900238365 -11.4481910205 0.000668670530653 -0.00306474575674 -0.0427950387975
-1.85374657899 -0.991535966322 -13.819259187 0.000650100248555 -0.00391915441346 -0.0433894105797
0.97716431424 -1.89206455261 -13.2300902295 0.00013002702783 0.00102157611059 -0.0421820789831
1.51844092101 -0.905315847918 -10.9787730396 0.000464362285029 0.000891566515864 -0.042479271116
1.20709108628 0.881369672567 -11.1847435498 0.0013930693976 0.00219176701297 -0.0423678136632
2.44771273836 1.58071479097 -8.59333417118 0.000575801565145 0.00332478237117 -0.0424978425034
1.4130618158 1.3124701184 -8.41130976319 0.00144879786393 -0.000501502914244 -0.0428136060237
3.08957110226 0.273031915929 -8.37299178958 0.00061294219436 -0.00159737767573 -0.0424978425034
0.0239462096128 -1.60466089323 -12.5738502002 0.000352905579934 -0.00358481898559 -0.0424235444701
-0.97716431424 -2.90275928646 -12.545115813 0.000185737931016 -0.00141163974472 -0.0413462375526
0.948430804163 -0.330508711897 -10.092615813 0.00133734106131 0.00061294219436 -0.0422378056289
0.469428103901 2.77343407899 -10.7153162134 0.00113303278317 0.000408633948736 -0.0422192342415
1.28852386996 0.723291293755 -7.31438497066 0.00102157611059 0.000928707145079 -0.0423306750495
1.41784907743 1.18313504376 -9.80041582882 0.00115160313029 -0.000371493319521 -0.0417177152351
-1.08255314045 -0.953218065798 -10.8685974634 0.000538660968439 -0.00100300582849 -0.042070638175
-0.756821859553 -2.00224056736 -11.318865813 1.85703024165e-05 -0.00120733146658 -0.0416805724603
-1.28852386996 -1.76752660677 -11.6206312573 0.000910136862981 0.00161596544783 -0.0415691358134
0.330508711897 -0.25387298394 -7.970625 1.85703024165e-05 0.0013930693976 -0.0416062744271
0.914900238365 -1.1064993158 -9.20645917118 0.000631529966456 0.00105873416478 -0.0420892095624
1.81063169584 1.5998736316 -8.44484062135 0.0013930693976 -0.000538660968439 -0.0422378056289
0.421525886022 0.0335305795027 -11.03625 0.000780109843278 -0.00312047422307 -0.0416805724603
0.996323227957 -0.431100445837 -10.9356580102 0.000334335265326 -0.00137449918052 -0.0421635075956
1.47533568576 0.387995320223 -10.57640625 0.000928707145079 -0.000390063634129 -0.0414576783606
0.00958436988993 -3.55421190798 -11.03625 0.000222896001466 0.00154166676442 -0.0414391069732
-0.469428103901 -1.06818148836 -8.89509961545 0.000835838179571 0.00113303278317 -0.0416620052341
0.435897538103 1.97349726319 -8.59812187135 0.000965865199274 0.00148593842813 -0.0415134050064
1.3460006842 1.9064361316 -8.95258651614 0.000631529966456 0.00013002702783 -0.0424049730827
0.335305804163 -2.12677851319 -12.545115813 0.000928707145079 -0.0027861387952 -0.041420539747
0.392782581858 -0.129335038103 -11.0697802734 0.000501502914244 0.00269326989471 -0.0414762663928
1.55197148681 -0.402366972305 -9.1106548816 0.000167167632663 0.00221033736009 -0.0407704371578
1.94475395903 -2.56746327639 -9.37410235226 0.00014859733431 0.00170883447835 -0.0416805724603
0.675398869962 0.570010043755 -9.12022969723 0.00141163974472 0.000111439271988 -0.0419963401418
-0.833467381597 1.62381988004 -9.9536964941 0.000817267897472 0.000761539496161 -0.0418477440753
-0.541276570223 0.550851130038 -8.42088457882 0.0013930693976 -0.000854408461669 -0.0419591807222
-1.41784907743 0.81430846788 -11.1943189502 0.000965865199274 -0.00325048381779 -0.0415877072008
0.0335305795027 -0.9196875 -11.9224072266 0.000371493319521 -0.00183884394304 -0.0416434338466
-0.239501331858 -0.651442827433 -12.5594777441 -0.000464362285029 -0.00111446256609 -0.0412719395193
-0.301775220092 -1.74357056424 -12.6840257764 0.000817267897472 0.000557231283047 -0.0407890085452
0.96758971788 -0.843041977957 -11.0266652441 0.000260036598171 0.000204308245624 -0.0411233434529
0.325721413717 -1.2597805658 -9.55612676024 0.000780109843278 0.00310190387595 -0.0404546736374
1.91122339323 2.13156592101 -6.28931836545 0.000464362285029 0.00258181322212 -0.0411047720655
2.13156592101 -0.929271890447 -7.43413594723 -0.000204308245624 -0.000427204230834 -0.04043610225
2.02139955416 -0.838254716322 -10.1069777441 1.85703024165e-05 -0.0021546090238 -0.0405475430581
-2.82133651614 -0.656239956245 -15.0071912134 0.000668670530653 -0.00679816236923 -0.0417734418809
0.881369672567 -2.08846068576 -11.6589597559 -0.000501502914244 0.00306474575674 -0.0406589963497
0.641868304163 0.138909597918 -6.91202812135 -0.000222896001466 0.00150450877524 -0.042070638175
0.809521206245 0.589178788103 -8.96216074705 0.0012259018137 -0.0012630423779 -0.0408261679648
-0.60833770182 0.785565163717 -11.5056785059 0.000817267897472 -0.00313904457019 -0.0418477440753
-1.2933111316 -1.3460006842 -12.6265394604 -0.000204308245624 -0.00219176701297 -0.0404918288958
0.277819195837 0.201183486152 -10.9212867236 0.000520073196343 0.000817267897472 -0.0409933354186
0.555648222305 -0.570010043755 -11.2949097705 7.42986671552e-05 -0.000464362285029 -0.04136480894
1.60944815487 -0.866998020485 -10.0686597705 0.000352905579934 0.00295330650913 -0.0407518657703
-0.325721413717 0.124537945837 -9.16813184202 0.0012630423779 0.0 -0.0417177152351
-0.215555138234 1.4992819342 -9.92016622066 0.00167167635914 0.00211746832956 -0.0409747640312
0.340093065798 -0.364039277695 -8.53584785521 0.00113303278317 0.00252610218077 -0.0411419314851
4.67028603941 -8.75619023681 -7.97541211545 0.00230320626058 0.0078011852976 -0.0177569615438
3.07520946354 -0.40715423394 -1.82500342101 -0.00449495610865 0.0185370888121 0.0099186365923
2.73511639774 6.61503985226 -2.9458743158 -0.0038262852529 0.00273041058894 0.0190200218669
1.37474398836 -2.34712104097 -7.74069844723 0.000334335265326 -0.000445774545442 0.00271184024182
-3.11352714479 -2.98419228941 -19.6295847559 0.00254467252789 -0.00767115853797 0.00295330650913
-1.43222080261 2.8261236316 -17.2633042896 -0.0010773045119 -0.00163453579494 0.00490358956974
-1.9255951184 -1.70525273681 -13.3689990234 0.000761539496161 0.00492217760191 -0.0012259018137
0.900528586283 -1.02027927049 -7.95625312865 0.00014859733431 0.00564655897886 0.00111446256609
1.27415229097 1.02027927049 -5.92527948976 -0.000352905579934 0.00403061108605 0.000390063634129
2.04055854097 -0.651442827433 -6.60067792118 0.000575801565145 0.000594371847243 -9.2868965508e-05
-0.201183486152 -0.541276570223 -11.0985240161 0.000111439271988 -0.00261897134134 0.000241466299818
-0.680186131597 -0.421525886022 -12.0756884766 0.000427204230834 -0.00234034695481 0.000408633948736
-0.56043548394 -0.292190847918 -12.0756884766 3.7140604833e-05 -0.000650100248555 0.000278606896524
-0.273031915929 -0.263447543755 -10.8254917896 0.000185737931016 0.000984435481372 0.000594371847243
0.46463104818 -0.196396206245 -9.40284551024 0.00013002702783 0.00161596544783 0.000204308245624
0.761618988365 -0.071848438913 -8.94778946042 0.000297194668621 9.2868965508e-05 0.000371493319521
0.373623668142 -0.191599113978 -9.81 0.000222896001466 -0.00061294219436 0.000204308245624
0.191599113978 -0.143696877826 -10.6674134839 0.000204308245624 -0.00102157611059 0.000371493319521
0.186811834071 -0.225129698049 -10.7344752002 0.000185737931016 -0.000427204230834 0.000241466299818
0.0479022315843 -0.182024554163 -10.5668214941 0.000204308245624 0.000167167632663 0.000501502914244
0.301775220092 -0.287403568011 -9.57528574705 0.000185737931016 0.00061294219436 0.000482932599637
0.450259396099 -0.124537945837 -9.34057207882 0.000222896001466 0.000278606896524 0.000482932599637
0.335305804163 -0.138909597918 -9.67109062135 0.000167167632663 -9.2868965508e-05 0.000427204230834
0.172440181989 -0.162865622174 -10.1644652295 0.000260036598171 -0.000315764983228 0.000334335265326
0.0574767913995 -0.186811834071 -10.2602589941 0.000204308245624 -0.000278606896524 0.000260036598171
0.0526895114919 -0.20597076606 -10.1884107471 0.000185737931016 9.2868965508e-05 0.000315764983228
0.162865622174 -0.292190847918 -9.84353027344 0.00013002702783 0.000315764983228 0.000315764983228
0.249085704032 -0.15328125 -9.70462089479 0.000222896001466 0.000111439271988 0.000315764983228
0.35446471788 -0.20597076606 -9.88663594723 0.000185737931016 -0.000222896001466 0.000334335265326
0.287403568011 -0.210758045968 -10.0255552661 0.000204308245624 -9.2868965508e-05 0.000334335265326
0.249085704032 -0.282616288103 -10.2219410205 0.000185737931016 -0.00014859733431 0.000371493319521
0.0862200909946 -0.234714051951 -10.0638732398 0.000241466299818 0.000111439271988 0.000297194668621
0.258660263848 -0.239501331858 -9.82437128663 0.00014859733431 0.000204308245624 0.000390063634129
0.191599113978 -0.182024554163 -9.86268926024 0.000185737931016 0.00013002702783 0.000390063634129
0.287403568011 -0.15328125 -9.77168202639 0.000204308245624 5.57283647387e-05 0.000390063634129
0.268244636022 -0.110166302891 -9.9728660059 0.00014859733431 3.7140604833e-05 0.000408633948736
0.148493970092 -0.196396206245 -10.0063962793 0.000185737931016 5.57283647387e-05 0.000390063634129
0.0766357188206 -0.225129698049 -10.0399171972 0.000167167632663 0.00013002702783 0.000352905579934
0.143696877826 -0.249085704032 -9.92496327639 0.000167167632663 0.000111439271988 0.000297194668621
0.138909597918 -0.277819195837 -9.88663594723 0.000167167632663 0.000111439271988 0.000445774545442
0.282616288103 -0.134122318011 -9.9345375073 0.000260036598171 3.7140604833e-05 0.000334335265326
0.225129698049 -0.220342418142 -9.94890996337 0.000167167632663 -7.42986671552e-05 0.000390063634129
0.124537945837 -0.210758045968 -10.1117747998 0.000167167632663 3.7140604833e-05 0.000278606896524
0.0766357188206 -0.258660263848 -10.0159705102 0.00014859733431 3.7140604833e-05 0.000315764983228
0.15328125 -0.220342418142 -9.85790272951 0.000185737931016 0.000167167632663 0.000334335265326
0.15328125 -0.244288611766 -9.92016622066 0.000222896001466 0.0 0.000352905579934
0.15328125 -0.215555138234 -9.9536964941 0.000167167632663 -3.7140604833e-05 0.000334335265326
0.225129698049 -0.225129698049 -10.0303429663 0.000204308245624 -1.85703024165e-05 0.000371493319521
0.167652902082 -0.162865622174 -10.1788365161 0.000222896001466 3.7140604833e-05 0.000334335265326
0.20597076606 -0.263447543755 -10.0495007837 0.000167167632663 9.2868965508e-05 0.000334335265326
0.143696877826 -0.282616288103 -9.96328125 0.000185737931016 7.42986671552e-05 0.000352905579934
0.148493970092 -0.215555138234 -9.89621953368 0.000278606896524 1.85703024165e-05 0.000371493319521
0.268244636022 -0.124537945837 -10.0542884839 0.000222896001466 -7.42986671552e-05 0.000390063634129
0.167652902082 -0.201183486152 -10.1117747998 0.000241466299818 -1.85703024165e-05 0.000408633948736
0.191599113978 -0.158068529908 -10.0878187573 0.000167167632663 9.2868965508e-05 0.000352905579934
0.100591743076 -0.191599113978 -10.0878187573 0.00014859733431 5.57283647387e-05 0.000334335265326
0.0766357188206 -0.31134979818 -9.94412226319 0.000185737931016 5.57283647387e-05 0.000334335265326
0.0862200909946 -0.244288611766 -9.92975097656 0.000222896001466 7.42986671552e-05 0.000371493319521
0.282616288103 -0.201183486152 -9.95849354982 0.000185737931016 5.57283647387e-05 0.000390063634129
0.225129698049 -0.182024554163 -10.0495007837 0.000167167632663 -5.57283647387e-05 0.000371493319521
0.210758045968 -0.201183486152 -10.0830322266 0.000185737931016 -3.7140604833e-05 0.000315764983228
0.0958044631686 -0.210758045968 -10.0878187573 0.000185737931016 0.0 0.000315764983228
0.119750665929 -0.258660263848 -10.0303429663 0.000185737931016 5.57283647387e-05 0.000334335265326
0.273031915929 -0.162865622174 -9.83394668698 0.000167167632663 5.57283647387e-05 0.000390063634129
0.277819195837 -0.201183486152 -9.96328125 0.000167167632663 0.0 0.000352905579934
0.20597076606 -0.15328125 -10.0782445264 0.000167167632663 7.42986671552e-05 0.000334335265326
0.20597076606 -0.196396206245 -10.0734474707 0.000167167632663 9.2868965508e-05 0.000278606896524
0.114963386022 -0.287403568011 -10.0399171972 0.000167167632663 -3.7140604833e-05 0.000315764983228
0.239501331858 -0.20597076606 -9.85790272951 0.000222896001466 7.42986671552e-05 0.000352905579934
0.196396206245 -0.210758045968 -9.89621953368 0.00013002702783 -3.7140604833e-05 0.000390063634129
0.239501331858 -0.15328125 -9.98722793698 0.000185737931016 5.57283647387e-05 0.000390063634129
0.186811834071 -0.177227461897 -10.0782445264 0.000185737931016 -5.57283647387e-05 0.000297194668621
0.124537945837 -0.263447543755 -10.1548804736 0.000204308245624 0.0 0.000278606896524
0.0574767913995 -0.249085704032 -9.9920249927 0.000222896001466 7.42986671552e-05 0.000297194668621
0.191599113978 -0.186811834071 -9.79084101319 0.00013002702783 0.00014859733431 0.000315764983228
0.244288611766 -0.162865622174 -9.87706171632 0.000185737931016 0.0 0.000371493319521
0.225129698049 -0.225129698049 -10.0638732398 0.000167167632663 1.85703024165e-05 0.000352905579934
0.215555138234 -0.225129698049 -10.0878187573 0.00013002702783 1.85703024165e-05 0.000334335265326
0.124537945837 -0.196396206245 -10.1309337866 0.000204308245624 3.7140604833e-05 0.000352905579934
0.225129698049 -0.201183486152 -9.83394668698 0.000204308245624 0.000111439271988 0.000427204230834
0.234714051951 -0.186811834071 -9.81478770018 0.000204308245624 5.57283647387e-05 0.000334335265326
0.296978127826 -0.110166302891 -9.92016622066 0.000185737931016 0.000111439271988 0.000352905579934
0.20597076606 -0.15328125 -10.0686597705 0.000167167632663 -9.2868965508e-05 0.000334335265326
0.196396206245 -0.229916977957 -10.1500927734 0.00014859733431 1.85703024165e-05 0.000371493319521
0.162865622174 -0.296978127826 -9.9536964941 0.000185737931016 0.00013002702783 0.000297194668621
0.186811834071 -0.201183486152 -9.90580428958 0.000185737931016 -3.7140604833e-05 0.000352905579934
0.320934152082 -0.196396206245 -9.91537852049 0.000185737931016 5.57283647387e-05 0.000390063634129
0.301775220092 -0.210758045968 -9.96328125 0.000185737931016 0.0 0.000390063634129
0.20597076606 -0.249085704032 -10.0974035132 0.000185737931016 -1.85703024165e-05 0.000315764983228
0.0958044631686 -0.191599113978 -10.2315257764 0.000222896001466 1.85703024165e-05 0.000352905579934
0.239501331858 -0.234714051951 -9.94412226319 0.000167167632663 0.000185737931016 0.000352905579934
0.220342418142 -0.177227461897 -9.87706171632 0.000167167632663 0.0 0.000390063634129
0.273031915929 -0.114963386022 -9.94412226319 0.000204308245624 5.57283647387e-05 0.000334335265326
0.249085704032 -0.148493970092 -10.092615813 0.000222896001466 -1.85703024165e-05 0.000352905579934
0.215555138234 -0.177227461897 -10.0686597705 0.000204308245624 -1.85703024165e-05 0.000334335265326
0.119750665929 -0.249085704032 -9.91059198976 0.000260036598171 1.85703024165e-05 0.000371493319521
0.124537945837 -0.258660263848 -9.92496327639 0.000204308245624 5.57283647387e-05 0.000371493319521
0.215555138234 -0.129335038103 -9.89621953368 0.000241466299818 5.57283647387e-05 0.000408633948736
0.31134979818 -0.225129698049 -9.87706171632 0.000222896001466 5.57283647387e-05 0.000371493319521
0.244288611766 -0.172440181989 -9.98722793698 0.000185737931016 1.85703024165e-05 0.000390063634129
0.0670611590054 -0.273031915929 -10.0734474707 0.000204308245624 -1.85703024165e-05 0.000371493319521
0.114963386022 -0.25387298394 -9.94412226319 0.000222896001466 9.2868965508e-05 0.000297194668621
0.20597076606 -0.263447543755 -9.92496327639 0.000185737931016 7.42986671552e-05 0.000390063634129
0.301775220092 -0.20597076606 -9.87227401614 0.000167167632663 9.2868965508e-05 0.000352905579934
0.31134979818 -0.143696877826 -9.97765253663 0.000204308245624 1.85703024165e-05 0.000352905579934
0.220342418142 -0.172440181989 -10.0447142529 0.000185737931016 -3.7140604833e-05 0.000371493319521
0.148493970092 -0.25387298394 -9.94890996337 0.00013002702783 0.00014859733431 0.000297194668621
0.119750665929 -0.20597076606 -9.85790272951 0.000204308245624 9.2868965508e-05 0.000315764983228
0.215555138234 -0.244288611766 -9.78605389774 0.00013002702783 0.000185737931016 0.000352905579934
0.263447543755 -0.210758045968 -9.92016622066 0.000185737931016 7.42986671552e-05 0.000445774545442
0.229916977957 -0.172440181989 -10.0159705102 0.000241466299818 -3.7140604833e-05 0.000297194668621
0.100591743076 -0.263447543755 -9.9920249927 0.000222896001466 7.42986671552e-05 0.000371493319521
0.143696877826 -0.249085704032 -9.89143300295 0.000204308245624 0.000111439271988 0.000390063634129
0.191599113978 -0.215555138234 -9.9536964941 0.000222896001466 1.85703024165e-05 0.000334335265326
0.210758045968 -0.182024554163 -9.9536964941 0.000204308245624 -1.85703024165e-05 0.000352905579934
0.220342418142 -0.172440181989 -10.0399171972 0.000204308245624 -3.7140604833e-05 0.000408633948736
0.0766357188206 -0.210758045968 -10.0974035132 0.000185737931016 0.0 0.000297194668621
0.0958044631686 -0.234714051951 -9.90100723386 0.000222896001466 0.00013002702783 0.000315764983228
0.167652902082 -0.263447543755 -9.9345375073 0.000185737931016 5.57283647387e-05 0.000390063634129
0.162865622174 -0.167652902082 -9.85790272951 0.000204308245624 5.57283647387e-05 0.000390063634129
0.292190847918 -0.138909597918 -9.92016622066 0.000222896001466 3.7140604833e-05 0.000352905579934
0.3065625 -0.167652902082 -10.0015992236 0.00014859733431 -1.85703024165e-05 0.000352905579934
0.148493970092 -0.229916977957 -10.0782445264 0.000185737931016 0.00013002702783 0.000390063634129
0.129335038103 -0.3065625 -10.0015992236 0.000241466299818 7.42986671552e-05 0.000334335265326
0.167652902082 -0.249085704032 -9.90580428958 0.000222896001466 7.42986671552e-05 0.000371493319521
0.143696877826 -0.3065625 -9.89621953368 0.000167167632663 5.57283647387e-05 0.000334335265326
0.282616288103 -0.186811834071 -9.82915898681 0.000204308245624 7.42986671552e-05 0.000427204230834
0.196396206245 -0.162865622174 -10.1596775293 0.000185737931016 -1.85703024165e-05 0.000334335265326
0.105379022984 -0.196396206245 -10.0015992236 0.00014859733431 9.2868965508e-05 0.000315764983228
0.0958044631686 -0.287403568011 -10.0111839795 0.000222896001466 7.42986671552e-05 0.000390063634129
0.0910073709022 -0.177227461897 -9.92975097656 0.000204308245624 5.57283647387e-05 0.000352905579934
0.244288611766 -0.186811834071 -9.89143300295 0.000222896001466 3.7140604833e-05 0.000390063634129
0.273031915929 -0.191599113978 -10.1213502002 0.000241466299818 1.85703024165e-05 0.000334335265326
0.124537945837 -0.249085704032 -10.2219410205 0.000241466299818 -5.57283647387e-05 0.000315764983228
0.110166302891 -0.225129698049 -10.0734474707 0.000204308245624 3.7140604833e-05 0.000297194668621
0.0910073709022 -0.273031915929 -9.89143300295 0.00014859733431 1.85703024165e-05 0.000334335265326
0.239501331858 -0.282616288103 -9.86268926024 0.000204308245624 7.42986671552e-05 0.000408633948736
0.268244636022 -0.177227461897 -9.89143300295 0.00013002702783 -3.7140604833e-05 0.000408633948736
0.196396206245 -0.158068529908 -10.1069777441 0.000222896001466 -3.7140604833e-05 0.000352905579934
0.119750665929 -0.134122318011 -10.0878187573 0.000167167632663 9.2868965508e-05 0.000315764983228
0.100591743076 -0.282616288103 -10.0447142529 0.000241466299818 0.000222896001466 0.000371493319521
0.081432811087 -0.268244636022 -9.99681152344 0.000241466299818 0.00013002702783 0.000390063634129
0.215555138234 -0.220342418142 -9.85790272951 0.000167167632663 5.57283647387e-05 0.000334335265326
0.210758045968 -0.15328125 -10.0878187573 0.000167167632663 -7.42986671552e-05 0.000371493319521
0.134122318011 -0.20597076606 -10.0878187573 0.000167167632663 1.85703024165e-05 0.000297194668621
0.110166302891 -0.244288611766 -10.140509187 0.000204308245624 -3.7140604833e-05 0.000297194668621
0.071848438913 -0.263447543755 -9.9920249927 0.000185737931016 0.00014859733431 0.000315764983228
0.167652902082 -0.239501331858 -9.89621953368 0.000222896001466 9.2868965508e-05 0.000390063634129
0.277819195837 -0.162865622174 -9.94412226319 0.000185737931016 -1.85703024165e-05 0.000352905579934
0.249085704032 -0.201183486152 -9.97765253663 0.000241466299818 3.7140604833e-05 0.000334335265326
0.249085704032 -0.114963386022 -9.9536964941 0.000204308245624 7.42986671552e-05 0.000352905579934
0.124537945837 -0.268244636022 -10.1117747998 0.000167167632663 -5.57283647387e-05 0.000352905579934
0.0862200909946 -0.292190847918 -10.0638732398 0.000167167632663 3.7140604833e-05 0.000315764983228
0.196396206245 -0.239501331858 -9.85790272951 0.000204308245624 0.00013002702783 0.000371493319521
0.244288611766 -0.129335038103 -9.89143300295 0.000241466299818 7.42986671552e-05 0.000390063634129
0.25387298394 -0.186811834071 -10.0447142529 0.000204308245624 -3.7140604833e-05 0.000371493319521
0.244288611766 -0.239501331858 -10.1117747998 0.00013002702783 -7.42986671552e-05 0.000334335265326
0.0862200909946 -0.225129698049 -10.2123667896 0.000241466299818 -3.7140604833e-05 0.000315764983228
0.081432811087 -0.277819195837 -10.0255552661 0.000204308245624 0.000111439271988 0.000352905579934
0.229916977957 -0.196396206245 -9.89621953368 0.000167167632663 0.000111439271988 0.000390063634129
0.258660263848 -0.15328125 -9.92496327639 0.000204308245624 5.57283647387e-05 0.000334335265326
0.292190847918 -0.15328125 -10.0159705102 0.000167167632663 9.2868965508e-05 0.000334335265326
0.273031915929 -0.162865622174 -10.0495007837 0.000185737931016 -1.85703024165e-05 0.000334335265326
0.110166302891 -0.249085704032 -10.1740394604 0.00014859733431 7.42986671552e-05 0.000315764983228
0.167652902082 -0.229916977957 -9.86747696042 0.000204308245624 9.2868965508e-05 0.000334335265326
0.268244636022 -0.15328125 -9.78125684202 0.000222896001466 0.000167167632663 0.000408633948736
0.301775220092 -0.172440181989 -9.9536964941 0.000185737931016 0.0 0.000352905579934
0.268244636022 -0.196396206245 -10.0111839795 0.000204308245624 1.85703024165e-05 0.000390063634129
0.201183486152 -0.124537945837 -10.1021912134 0.00014859733431 3.7140604833e-05 0.000315764983228
0.0958044631686 -0.215555138234 -9.96328125 0.000204308245624 3.7140604833e-05 0.000352905579934
0.210758045968 -0.263447543755 -9.87227401614 0.00014859733431 5.57283647387e-05 0.000390063634129
0.277819195837 -0.162865622174 -9.80041582882 0.00014859733431 7.42986671552e-05 0.000371493319521
0.31134979818 -0.105379022984 -10.0255552661 0.00013002702783 0.0 0.000352905579934
0.234714051951 -0.186811834071 -10.0542884839 0.000185737931016 1.85703024165e-05 0.000297194668621
0.0622738790978 -0.215555138234 -10.2267287207 0.000204308245624 -1.85703024165e-05 0.000315764983228
0.182024554163 -0.162865622174 -9.79562812865 0.000222896001466 7.42986671552e-05 0.000408633948736
0.301775220092 -0.191599113978 -9.75731073976 0.000204308245624 9.2868965508e-05 0.000390063634129
0.296978127826 -0.134122318011 -9.9920249927 0.000204308245624 3.7140604833e-05 0.000371493319521
0.201183486152 -0.215555138234 -10.1165625 0.00014859733431 -5.57283647387e-05 0.000315764983228
0.148493970092 -0.249085704032 -10.1548804736 0.000167167632663 1.85703024165e-05 0.000352905579934
0.129335038103 -0.249085704032 -9.94412226319 0.00013002702783 7.42986671552e-05 0.000315764983228
0.182024554163 -0.186811834071 -9.87706171632 0.000204308245624 -1.85703024165e-05 0.000427204230834
0.220342418142 -0.148493970092 -9.90580428958 0.000222896001466 0.0 0.000427204230834
0.287403568011 -0.177227461897 -9.98722793698 0.000204308245624 5.57283647387e-05 0.000408633948736
0.220342418142 -0.134122318011 -10.0207582104 0.000204308245624 1.85703024165e-05 0.000352905579934
0.0910073709022 -0.210758045968 -9.94412226319 0.000241466299818 3.7140604833e-05 0.000371493319521
0.177227461897 -0.277819195837 -9.96328125 0.000222896001466 9.2868965508e-05 0.000427204230834
0.234714051951 -0.167652902082 -9.78605389774 0.000167167632663 0.000111439271988 0.000334335265326
0.301775220092 -0.105379022984 -9.92496327639 0.000222896001466 3.7140604833e-05 0.000427204230834
0.287403568011 -0.249085704032 -10.0638732398 0.000222896001466 -5.57283647387e-05 0.000371493319521
0.0431149516767 -0.201183486152 -10.3273207104 0.00014859733431 -9.2868965508e-05 0.000297194668621
0.249085704032 -0.229916977957 -9.8387437427 0.000204308245624 7.42986671552e-05 0.000390063634129
0.325721413717 -0.186811834071 -9.73335469723 0.000167167632663 7.42986671552e-05 0.000352905579934
0.244288611766 -0.177227461897 -10.0351294971 0.000204308245624 -1.85703024165e-05 0.000408633948736
0.249085704032 -0.20597076606 -10.0255552661 0.000204308245624 9.2868965508e-05 0.000334335265326
0.229916977957 -0.182024554163 -10.1453062427 0.000167167632663 1.85703024165e-05 0.000315764983228
0.0431149516767 -0.201183486152 -9.93933456302 0.00014859733431 7.42986671552e-05 0.000445774545442
0.364039277695 -0.220342418142 -9.69983377934 0.000241466299818 9.2868965508e-05 0.000390063634129
0.0958044631686 -0.148493970092 -9.98244023681 0.000185737931016 -7.42986671552e-05 0.000408633948736
0.373623668142 -0.215555138234 -10.0063962793 0.000241466299818 5.57283647387e-05 0.000315764983228
0.0287432995951 -0.167652902082 -10.1261472559 0.000222896001466 7.42986671552e-05 0.000352905579934
0.215555138234 -0.220342418142 -9.8387437427 0.000185737931016 9.2868965508e-05 0.000352905579934
0.20597076606 -0.282616288103 -9.85790272951 0.000167167632663 9.2868965508e-05 0.000408633948736
0.340093065798 -0.15328125 -9.87706171632 0.000167167632663 1.85703024165e-05 0.000371493319521
0.273031915929 -0.143696877826 -9.9920249927 0.000167167632663 3.7140604833e-05 0.000408633948736
0.129335038103 -0.210758045968 -10.1836242163 0.000204308245624 -1.85703024165e-05 0.000315764983228
0.0479022315843 -0.31134979818 -10.0303429663 0.000167167632663 9.2868965508e-05 0.000390063634129
0.263447543755 -0.239501331858 -9.81 0.000185737931016 9.2868965508e-05 0.000390063634129
0.320934152082 -0.110166302891 -9.96328125 0.000185737931016 5.57283647387e-05 0.000390063634129
0.263447543755 -0.15328125 -10.0207582104 0.000222896001466 3.7140604833e-05 0.000371493319521
0.110166302891 -0.239501331858 -10.1453062427 0.000167167632663 0.0 0.000315764983228
0.081432811087 -0.292190847918 -10.0015992236 0.000204308245624 1.85703024165e-05 0.000315764983228
0.225129698049 -0.182024554163 -9.79562812865 0.000222896001466 5.57283647387e-05 0.000352905579934
0.273031915929 -0.119750665929 -9.91537852049 0.00013002702783 0.000185737931016 0.000371493319521
0.234714051951 -0.172440181989 -10.0255552661 0.00013002702783 1.85703024165e-05 0.000315764983228
0.167652902082 -0.210758045968 -10.0447142529 0.000241466299818 0.0 0.000352905579934
0.0958044631686 -0.177227461897 -10.0734474707 0.000222896001466 5.57283647387e-05 0.000297194668621
0.258660263848 -0.172440181989 -9.82915898681 0.000185737931016 5.57283647387e-05 0.000315764983228
0.316146853901 -0.143696877826 -9.87706171632 0.000185737931016 7.42986671552e-05 0.000390063634129
0.249085704032 -0.225129698049 -10.0495007837 0.000222896001466 1.85703024165e-05 0.000352905579934
0.196396206245 -0.124537945837 -10.1117747998 0.000185737931016 -5.57283647387e-05 0.000334335265326
0.081432811087 -0.215555138234 -10.1836242163 0.000204308245624 9.2868965508e-05 0.000297194668621
0.100591743076 -0.35446471788 -9.92496327639 0.000185737931016 0.000185737931016 0.000334335265326
0.215555138234 -0.148493970092 -9.83394668698 0.000204308245624 5.57283647387e-05 0.000371493319521
0.387995320223 -0.15328125 -9.96328125 0.000167167632663 5.57283647387e-05 0.000390063634129
0.210758045968 -0.167652902082 -10.0734474707 0.00014859733431 3.7140604833e-05 0.000334335265326
