0.287403568011 -0.0191589297052 -9.9728660059 0.00014859733431 3.7140604833e-05 0.000334335265326
0.282616288103 0.0287432995951 -9.96806895018 0.000204308245624 3.7140604833e-05 0.000352905579934
0.3065625 -0.00478727990761 -9.9728660059 0.000204308245624 3.7140604833e-05 0.000371493319521
0.239501331858 0.00958436988993 -9.9728660059 0.000204308245624 1.85703024165e-05 0.000371493319521
0.273031915929 -0.0239462096128 -10.0063962793 0.00014859733431 7.42986671552e-05 0.000315764983228
0.287403568011 0.0143716497975 -9.92975097656 9.2868965508e-05 7.42986671552e-05 0.000315764983228
0.277819195837 0.0239462096128 -9.94890996337 0.000167167632663 5.57283647387e-05 0.000371493319521
0.25387298394 -0.0191589297052 -9.9728660059 0.000260036598171 3.7140604833e-05 0.000371493319521
0.296978127826 -0.0958044631686 -9.98244023681 0.00014859733431 5.57283647387e-05 0.000297194668621
0.263447543755 0.0239462096128 -9.96806895018 0.000167167632663 5.57283647387e-05 0.000390063634129
0.296978127826 -0.00478727990761 -9.96328125 0.000260036598171 3.7140604833e-05 0.000371493319521
0.25387298394 -0.00478727990761 -9.94890996337 0.000204308245624 1.85703024165e-05 0.000352905579934
0.268244636022 0.0 -9.95849354982 0.00014859733431 3.7140604833e-05 0.000352905579934
0.273031915929 0.0479022315843 -10.0063962793 0.000167167632663 3.7140604833e-05 0.000352905579934
0.296978127826 -0.00958436988993 -9.9920249927 0.000222896001466 1.85703024165e-05 0.000334335265326
0.258660263848 -0.0287432995951 -9.9920249927 0.000204308245624 3.7140604833e-05 0.000371493319521
0.282616288103 -0.0143716497975 -9.94890996337 0.000222896001466 -1.85703024165e-05 0.000315764983228
0.239501331858 -0.0479022315843 -9.96328125 0.000204308245624 3.7140604833e-05 0.000334335265326
0.3065625 -0.0526895114919 -9.9728660059 0.00014859733431 9.2868965508e-05 0.000334335265326
0.282616288103 0.0335305795027 -9.9345375073 0.000185737931016 3.7140604833e-05 0.000390063634129
0.330508711897 0.00478727990761 -9.96328125 0.000204308245624 1.85703024165e-05 0.000315764983228
0.25387298394 -0.0335305795027 -9.9728660059 0.000222896001466 1.85703024165e-05 0.000334335265326
0.292190847918 -0.0431149516767 -9.96806895018 0.000111439271988 7.42986671552e-05 0.000352905579934
0.234714051951 0.0431149516767 -9.98722793698 0.000185737931016 0.00013002702783 0.000408633948736
0.292190847918 -0.0335305795027 -10.0111839795 0.000241466299818 7.42986671552e-05 0.000352905579934
0.263447543755 -0.0287432995951 -9.96328125 0.00014859733431 7.42986671552e-05 0.000390063634129
0.316146853901 0.0479022315843 -9.94890996337 0.00014859733431 5.57283647387e-05 0.000334335265326
0.273031915929 -0.00958436988993 -10.0207582104 0.000241466299818 5.57283647387e-05 0.000371493319521
0.287403568011 -0.071848438913 -9.96328125 0.000204308245624 -7.42986671552e-05 0.000260036598171
0.220342418142 0.00958436988993 -10.0303429663 0.00013002702783 -3.7140604833e-05 0.000371493319521
0.258660263848 0.0383178594103 -10.0830322266 0.000204308245624 5.57283647387e-05 0.000334335265326
0.263447543755 -0.0143716497975 -10.0447142529 0.000222896001466 0.000111439271988 0.000315764983228
0.277819195837 -0.0383178594103 -9.88663594723 0.000185737931016 0.000111439271988 0.000352905579934
0.258660263848 0.0383178594103 -9.95849354982 0.000167167632663 3.7140604833e-05 0.000334335265326
0.349677456245 -0.0479022315843 -9.9728660059 0.000278606896524 3.7140604833e-05 0.000334335265326
0.239501331858 -0.0431149516767 -9.98244023681 0.000241466299818 0.0 0.000334335265326
0.31134979818 -0.0862200909946 -10.0015992236 0.00014859733431 1.85703024165e-05 0.000334335265326
0.220342418142 0.0287432995951 -10.0159705102 7.42986671552e-05 9.2868965508e-05 0.000371493319521
0.31134979818 -0.0239462096128 -9.97765253663 0.000167167632663 3.7140604833e-05 0.000334335265326
0.210758045968 0.0431149516767 -9.96806895018 0.000185737931016 7.42986671552e-05 0.000408633948736
0.273031915929 -0.0239462096128 -9.94890996337 0.000204308245624 9.2868965508e-05 0.000371493319521
0.186811834071 0.0766357188206 -9.96328125 0.000167167632663 7.42986671552e-05 0.000390063634129
0.325721413717 0.00478727990761 -9.90100723386 0.000241466299818 0.000111439271988 0.000371493319521
0.249085704032 -0.0526895114919 -9.9345375073 0.000204308245624 3.7140604833e-05 0.000390063634129
0.325721413717 -0.0766357188206 -9.96328125 0.000222896001466 3.7140604833e-05 0.000334335265326
0.220342418142 -0.0143716497975 -9.9920249927 0.000111439271988 -3.7140604833e-05 0.000334335265326
0.282616288103 0.071848438913 -10.0351294971 0.000185737931016 5.57283647387e-05 0.000334335265326
0.258660263848 0.0335305795027 -10.0399171972 0.000222896001466 -1.85703024165e-05 0.000334335265326
0.268244636022 0.00478727990761 -9.92016622066 0.000204308245624 3.7140604833e-05 0.000352905579934
0.25387298394 0.0958044631686 -9.98722793698 0.000278606896524 -1.85703024165e-05 0.000390063634129
0.325721413717 0.00478727990761 -9.9728660059 0.000390063634129 -5.57283647387e-05 0.000427204230834
0.210758045968 -0.110166302891 -10.0782445264 0.000315764983228 -0.000222896001466 0.000371493319521
0.225129698049 -0.0526895114919 -10.0063962793 0.00014859733431 -1.85703024165e-05 0.000315764983228
0.162865622174 0.0910073709022 -10.092615813 7.42986671552e-05 0.000111439271988 0.000260036598171
0.445472097918 0.0862200909946 -9.85790272951 0.000111439271988 0.000241466299818 0.000222896001466
0.31134979818 -0.0526895114919 -9.89621953368 9.2868965508e-05 0.000204308245624 0.000334335265326
0.316146853901 -0.0191589297052 -10.0207582104 7.42986671552e-05 0.00013002702783 0.000260036598171
0.258660263848 0.119750665929 -10.0015992236 9.2868965508e-05 0.00013002702783 0.000334335265326
0.296978127826 -0.081432811087 -9.96806895018 0.000167167632663 0.000111439271988 0.000334335265326
0.273031915929 -0.0191589297052 -9.96806895018 0.000111439271988 7.42986671552e-05 0.000297194668621
0.225129698049 0.0 -9.98722793698 0.000204308245624 7.42986671552e-05 0.000185737931016
0.268244636022 0.00478727990761 -9.9920249927 0.00014859733431 7.42986671552e-05 0.00014859733431
0.335305804163 0.0622738790978 -10.0207582104 0.000167167632663 5.57283647387e-05 1.85703024165e-05
0.162865622174 0.0335305795027 -10.0351294971 0.000204308245624 5.57283647387e-05 0.000111439271988
0.296978127826 0.00478727990761 -10.0255552661 0.00014859733431 7.42986671552e-05 5.57283647387e-05
0.325721413717 0.00958436988993 -10.0063962793 0.00013002702783 9.2868965508e-05 0.00014859733431
0.220342418142 -0.100591743076 -9.98244023681 -1.85703024165e-05 1.85703024165e-05 0.000111439271988
0.277819195837 -0.0431149516767 -9.93933456302 -7.42986671552e-05 3.7140604833e-05 7.42986671552e-05
0.239501331858 0.0574767913995 -10.0015992236 -1.85703024165e-05 0.0 9.2868965508e-05
0.225129698049 -0.00958436988993 -9.97765253663 3.7140604833e-05 0.00014859733431 0.000111439271988
0.282616288103 0.0191589297052 -9.96806895018 1.85703024165e-05 0.00014859733431 0.000315764983228
0.344880363978 0.00478727990761 -9.98722793698 -0.000111439271988 0.000167167632663 0.000408633948736
0.292190847918 0.0191589297052 -9.95849354982 -0.00013002702783 0.000111439271988 0.000557231283047
0.340093065798 -0.0335305795027 -9.96328125 -9.2868965508e-05 7.42986671552e-05 0.000594371847243
0.397569880038 -0.15328125 -10.0542884839 -0.000278606896524 -7.42986671552e-05 0.000427204230834
0.335305804163 -0.0143716497975 -10.0830322266 -0.000501502914244 -7.42986671552e-05 0.000408633948736
0.320934152082 0.282616288103 -9.8195847559 -0.000352905579934 -0.000204308245624 0.000482932599637
0.00478727990761 0.119750665929 -10.0015992236 -0.00014859733431 0.000278606896524 0.000575801565145
-1.68130648836 -1.11608370624 -12.2768712866 -0.00165310601202 0.00100300582849 0.000650100248555
0.71850403212 -1.33641636685 -13.7953125 -0.00677959202211 -1.85703024165e-05 -0.000798697550356
0.340093065798 -1.27893955261 -12.5067884839 -0.0127605030736 0.000204308245624 -0.00321334312356
0.0670611590054 -1.2597805658 -11.7403822339 -0.0179984291115 -5.57283647387e-05 -0.00508934505578
0.162865622174 -0.881369672567 -11.3763427734 -0.0226605693188 -0.000631529966456 -0.00592518336538
0.191599113978 -0.225129698049 -11.5008814502 -0.0260410798962 -0.00165310601202 -0.00590661301827
-0.316146853901 0.895741324648 -11.9703087866 -0.0276198870948 -0.00254467252789 -0.00495931829615
-0.234714051951 1.8058444342 -12.0469447339 -0.0269697865862 -0.00306474575674 -0.00325048381779
-0.0335305795027 2.52913565487 -11.9176195264 -0.0239607516107 -0.00419777853991 -0.001095874794
0.177227461897 2.91234375 -11.8505589795 -0.0197258323765 -0.00592518336538 0.000984435481372
0.627496652082 3.18058827639 -11.8888757837 -0.0147293572616 -0.00839555707983 0.00274898093606
0.570010043755 3.18058827639 -11.8792921972 -0.00926853608367 -0.0114045743702 0.00330621202405
0.0 3.02730702639 -11.9367785132 -0.00371484600529 -0.0138563782577 0.00256324287501
-0.900528586283 2.90755634218 -12.0900597632 0.00204316964615 -0.014079274438 0.000872996233766
-1.2597805658 2.5195611316 -11.8218152368 0.00638952838798 -0.0119060777721 -0.00135591140842
-1.2933111316 2.06450464323 -11.6206312573 0.00986292555095 -0.00906422793557 -0.0044392450673
-1.3124701184 1.6190326184 -11.5535707104 0.0124075801337 -0.00631524699951 -0.00731825276298
-0.780777902082 1.00112028368 -11.4865089941 0.0137635098774 -0.00460641252116 -0.0096585997178
-0.474215402082 0.488587054163 -11.3763427734 0.0142278538597 -0.00447638576153 -0.011181695875
-0.526904918142 0.402366972305 -11.1368419898 0.0140235457116 -0.00514505609713 -0.0112188365693
-0.349677456245 0.632283913717 -10.8925535059 0.0139306773312 -0.005683716838 -0.0104201389539
0.268244636022 0.986748631597 -10.7488464868 0.0142092835126 -0.0066681527745 -0.0094542915697
0.325721413717 1.25019624844 -10.7632177734 0.0149708237889 -0.00820980211394 -0.00876703268178
-0.071848438913 0.895741324648 -10.5285035205 0.0154351854563 -0.00856272505384 -0.00804263413993
-0.3065625 -0.0191589297052 -10.399178313 0.0146364878409 -0.0080054934457 -0.00772688674423
-0.35925201606 -0.943633675352 -10.5428759766 0.0121289739524 -0.00755971929037 -0.00778259778558
-0.502958706245 -1.65735044584 -10.6674134839 0.00809836286634 -0.00752256091108 -0.00735539345722
-0.704132380038 -2.04534580261 -10.6530421972 0.00326907158989 -0.00772688674423 -0.00651955514761
-0.689760727957 -1.82979068264 -10.5189292896 -0.00157880732861 -0.00820980211394 -0.00572085753223
-0.656239956245 -1.2933111316 -10.2890027368 -0.00577658625864 -0.00951000261105 -0.00529365320387
-0.747247336283 -0.234714051951 -10.0782445264 -0.00802406379281 -0.00986292555095 -0.00507075754375
-0.56043548394 0.728088422567 -9.76209785521 -0.00848842650046 -0.00967717006491 -0.00494074794903
-0.804724077433 1.07296875 -9.51302167118 -0.00761542981157 -0.00897135851493 -0.00518221395627
-0.775990640447 1.04422544584 -9.54175547361 -0.00625951879326 -0.00781975564472 -0.00542368048365
-0.71850403212 0.56043548394 -9.70462089479 -0.00516364360915 -0.00731825276298 -0.00557227759039
-0.857413630038 -0.0143716497975 -9.86268926024 -0.00492217760191 -0.00716965565624 -0.00518221395627
-0.96758971788 -0.20597076606 -9.79562812865 -0.00533081158316 -0.00724395420961 -0.00460641252116
-1.24540898681 0.0622738790978 -9.64234687865 -0.00577658625864 -0.00741112166347 -0.00410490963942
-1.5328125 0.632283913717 -9.49385332882 -0.00525651302979 -0.0067238632957 -0.00375198669953
-1.33641636685 1.36037226319 -9.22561815798 -0.00343623904375 -0.00533081158316 -0.00390058406635
-1.4130618158 1.72920863315 -8.99090448976 -0.000724398931964 -0.00414205033366 -0.00495931829615
-1.48491020903 1.72441157743 -8.85199452639 0.00228463591346 -0.00228463591346 -0.00614807954565
-1.12565822951 1.40347749844 -8.77056210816 0.00497788864326 -0.000650100248555 -0.00737396380433
-0.857413630038 0.852626368403 -8.78493339479 0.0068724609226 -0.000538660968439 -0.00858129540095
-1.14960447796 0.263447543755 -8.87594062865 0.0075968599846 -0.000427204230834 -0.00858129540095
-1.13524261996 -0.0670611590054 -8.79930526614 0.00737396380433 -5.57283647387e-05 -0.00744826235771
-1.01069488004 -0.071848438913 -8.79450821042 0.0068724609226 0.000111439271988 -0.00625951879326
-1.01069488004 0.201183486152 -8.76577440798 0.00655669584184 0.000241466299818 -0.00525651302979
-1.01069488004 0.46463104818 -8.56459101319 0.00670529294859 0.000650100248555 -0.00462498286828
-0.828680119962 0.536479477957 -8.44005292118 0.00703962837646 0.000872996233766 -0.00432778813464
-0.713716770485 0.41194153212 -8.43525586545 0.00739255131636 0.000872996233766 -0.00388201371923
-0.546063831858 0.119750665929 -8.59333417118 0.00731825276298 0.000538660968439 -0.00321334312356
-0.474215402082 -0.158068529908 -8.73703125 0.00664958242739 -0.000464362285029 -0.00247037397452
-0.632283913717 -0.431100445837 -8.86636639774 0.00559084793751 -0.00159737767573 -0.00165310601202
-0.81430846788 -0.598753347918 -8.9765326184 0.00410490963942 -0.0024518036274 -0.000835838179571
-1.20230382465 -0.526904918142 -9.02443476319 0.00226604814137 -0.00261897134134 0.000185737931016
-1.44180511996 -0.35446471788 -8.9573736316 0.000854408461669 -0.00183884394304 0.00131877084423
-1.27415229097 0.00478727990761 -8.98131973386 -5.57283647387e-05 -0.00061294219436 0.00163453579494
-1.13524261996 0.268244636022 -9.01485059202 -0.000241466299818 0.000222896001466 0.000872996233766
-1.30768285677 0.234714051951 -9.15855702639 -0.000167167632663 0.000742969214063 -0.000371493319521
-1.3460006842 0.0958044631686 -9.16813184202 -0.000241466299818 0.00128163014999 -0.00146736808101
-1.35078794584 -0.00958436988993 -9.29267928958 -0.000445774545442 0.00144879786393 -0.00198744130986
-1.47533568576 -0.148493970092 -9.41243026614 -0.000817267897472 0.00161596544783 -0.00185743171514
-1.36994693264 -0.0287432995951 -9.4172173816 -0.00120733146658 0.00187600206225 -0.00154166676442
-1.3124701184 0.182024554163 -9.32621014774 -0.0012630423779 0.00209888055747 -0.00133734106131
-1.37474398836 0.574807136022 -9.18729082882 -0.00068724087777 0.00241464550819 -0.00154166676442
-1.30288565487 0.785565163717 -9.18729082882 0.00061294219436 0.00295330650913 -0.00209888055747
-1.18313504376 0.665814479515 -9.16334414184 0.00185743171514 0.00317618500435 -0.00261897134134
-1.18313504376 0.431100445837 -9.18250312865 0.00271184024182 0.00299044720337 -0.00280470914231
-1.10171205416 0.105379022984 -9.2830951184 0.00308331610386 0.00239607516107 -0.00254467252789
-1.24540898681 -0.129335038103 -9.36452812135 0.00302760532258 0.00167167635914 -0.00167167635914
-1.21187834792 -0.114963386022 -9.42200449705 0.00265611177549 0.0010773045119 -0.000557231283047
-1.17834778212 0.129335038103 -9.39805839479 0.00256324287501 0.000445774545442 5.57283647387e-05
-1.27415229097 0.45984375 -9.25914901614 0.00295330650913 0.000204308245624 -5.57283647387e-05
-1.36037226319 0.67060181424 -9.14897285521 0.00365911779904 0.000408633948736 -0.000947277427177
-1.43700806424 0.641868304163 -9.15375997066 0.00449495610865 0.000910136862981 -0.00204316964615
-1.24540898681 0.263447543755 -9.26872324705 0.00495931829615 0.0012630423779 -0.00276756870815
-1.0394381842 -0.220342418142 -9.2830951184 0.00445781541441 0.000910136862981 -0.00248894432163
-0.886156934202 -0.598753347918 -9.46511952639 0.00312047422307 -0.000241466299818 -0.00161596544783
-1.0059076184 -0.775990640447 -9.5896576184 0.00143021009183 -0.00170883447835 -0.000482932599637
-1.32684169739 -0.680186131597 -9.59924178958 -0.000241466299818 -0.00258181322212 0.000594371847243
-1.75794214323 -0.373623668142 -9.58007344723 -0.00150450877524 -0.00284184983655 0.00154166676442
-1.57113032743 0.172440181989 -9.50822461545 -0.00187600206225 -0.0021546090238 0.00187600206225
-1.37474398836 0.617912261635 -9.40763321042 -0.00131877084423 -0.00206173999327 0.00111446256609
-1.32684169739 0.780777902082 -9.42679219723 -0.000204308245624 -0.00208031034039 9.2868965508e-05
-1.31725738004 0.613125 -9.47949139774 0.00104016388268 -0.00200601165698 -0.000761539496161
-1.42743354097 0.210758045968 -9.46511952639 0.00180170337884 -0.00191314262645 -0.0012259018137
-1.53759976164 -0.177227461897 -9.47469434202 0.00183884394304 -0.00180170337884 -0.00118874369449
-1.60944815487 -0.344880363978 -9.38368710816 0.00135591140842 -0.00161596544783 -0.00100300582849
-1.52802523836 -0.186811834071 -9.31662539184 0.000854408461669 -0.00152307899232 -0.00100300582849
-1.37953125 0.20597076606 -9.30225410521 0.000798697550356 -0.00146736808101 -0.00118874369449
-1.25019624844 0.603540646099 -9.34057207882 0.00143021009183 -0.00154166676442 -0.00154166676442
-0.81430846788 0.704132380038 -9.53218065798 0.00250751440867 -0.00202459942907 -0.00195030074566
-0.82388306424 0.373623668142 -9.60881660521 0.00358481898559 -0.00310190387595 -0.00226604814137
-1.2933111316 -0.100591743076 -9.5704986316 0.00380771490578 -0.00375198669953 -0.00193171297357
-1.6525631842 -0.397569880038 -9.45553535521 0.00325048381779 -0.00343623904375 -0.0012630423779
-1.9255951184 -0.249085704032 -9.31662539184 0.00265611177549 -0.00254467252789 -0.000984435481372
-1.92080785677 0.0191589297052 -9.31183827639 0.00248894432163 -0.00141163974472 -0.00148593842813
-1.89685181424 0.335305804163 -9.26872324705 0.00304617540962 -0.00014859733431 -0.00241464550819
-1.6525631842 0.191599113978 -9.32141309202 0.00371484600529 0.000891566515864 -0.00304617540962
-1.08734040208 -0.177227461897 -9.35015625 0.00388201371923 0.000910136862981 -0.00326907158989
-1.11128657743 -0.589178788103 -9.47469434202 0.00321334312356 -0.000222896001466 -0.00315761465723
-1.37953125 -0.943633675352 -9.44116348386 0.00189457240937 -0.0010773045119 -0.00252610218077
-1.55675874844 -0.953218065798 -9.32141309202 -1.85703024165e-05 -0.00137449918052 -0.00146736808101
-1.6190326184 -0.56522278212 -9.22561815798 -0.00137449918052 -0.00115160313029 -0.00061294219436
-1.39390282899 -0.105379022984 -9.22561815798 -0.00182027372596 -0.000668670530653 -9.2868965508e-05
-1.1064993158 -0.00478727990761 -9.36452812135 -0.00163453579494 -0.00061294219436 0.000222896001466
-1.18793217257 -0.3065625 -9.44116348386 -0.00165310601202 -0.000854408461669 0.000538660968439
-1.39390282899 -0.617912261635 -9.47949139774 -0.00222890770721 -0.000650100248555 0.000910136862981
-1.55675874844 -0.651442827433 -9.58007344723 -0.00321334312356 -0.00014859733431 0.000910136862981
-1.67650943264 -0.479002663717 -9.60881660521 -0.00399345296684 0.000668670530653 0.000315764983228
-1.74357056424 -0.325721413717 -9.54655252934 -0.00429064770048 0.00174597504255 -0.000724398931964
-1.56155580416 -0.0670611590054 -9.55612676024 -0.00410490963942 0.0027861387952 -0.00174597504255
-1.39869023681 0.158068529908 -9.54175547361 -0.00352910820432 0.00328764167693 -0.00263754168845
-1.13044556424 0.119750665929 -9.60881660521 -0.00265611177549 0.0033805108375 -0.00286043760864
-1.10171205416 0.114963386022 -9.69983377934 -0.00198744130986 0.00295330650913 -0.00226604814137
-1.14960447796 0.0 -9.8387437427 -0.00146736808101 0.00267468212261 -0.00100300582849
-1.27415229097 -0.167652902082 -9.88184824705 -0.0012259018137 0.00263754168845 0.00014859733431
-1.4992819342 -0.277819195837 -9.86747696042 -0.00130020049711 0.00269326989471 0.000854408461669
-1.67172217101 -0.3065625 -9.79562812865 -0.00144879786393 0.00313904457019 0.00100300582849
-1.70046532899 -0.0766357188206 -9.69024960816 -0.00137449918052 0.003844873025 0.000371493319521
-1.37474398836 0.239501331858 -9.64234687865 -0.000761539496161 0.00404918143317 -0.000891566515864
-1.3124701184 0.479002663717 -9.73335469723 0.000408633948736 0.00393774192549 -0.00196887096274
-1.23103726164 0.258660263848 -9.76209785521 0.00143021009183 0.00360340675769 -0.00196887096274
-1.20709108628 -0.071848438913 -9.87706171632 0.00183884394304 0.00304617540962 -0.00111446256609
-1.36994693264 -0.292190847918 -9.96328125 0.00152307899232 0.00254467252789 0.000222896001466
-1.39869023681 -0.435897538103 -10.0303429663 0.000910136862981 0.00234034695481 0.0012259018137
-1.48491020903 -0.574807136022 -9.98722793698 5.57283647387e-05 0.00217317924088 0.00144879786393
-1.66214750156 -0.502958706245 -9.94412226319 -0.000835838179571 0.00222890770721 0.000798697550356
-1.39390282899 -0.15328125 -9.86747696042 -0.00131877084423 0.0024332158553 -0.000520073196343
-1.11128657743 0.263447543755 -9.90100723386 -0.00102157611059 0.00209888055747 -0.00200601165698
-1.06818148836 0.25387298394 -10.0207582104 -0.000315764983228 0.00159737767573 -0.00228463591346
-1.08734040208 0.0479022315843 -10.0303429663 -0.00013002702783 0.00104016388268 -0.00157880732861
-1.1400298816 -0.292190847918 -10.1500927734 -0.000371493319521 0.00068724087777 -0.000520073196343
-1.25499330416 -0.51253326606 -10.1596775293 -0.00118874369449 0.000482932599637 0.000204308245624
-1.48969761685 -0.498161613978 -10.1500927734 -0.00200601165698 0.000668670530653 0.000575801565145
-1.52322818264 -0.387995320223 -9.89143300295 -0.00263754168845 0.00200601165698 0.000390063634129
-1.34121342257 -0.220342418142 -9.68546190798 -0.00284184983655 0.00276756870815 -0.000408633948736
-1.0059076184 0.239501331858 -9.83394668698 -0.00248894432163 0.00254467252789 -0.00187600206225
-1.06818148836 0.665814479515 -10.1165625 -0.00137449918052 0.0021546090238 -0.00334337014326
-0.938846413717 0.56522278212 -10.2411000073 5.57283647387e-05 0.00208031034039 -0.00404918143317
-0.684973466322 0.277819195837 -10.2027820337 0.00100300582849 0.00159737767573 -0.0044392450673
-0.924474761635 -0.0862200909946 -10.245897063 0.00133734106131 0.0012259018137 -0.00453211396779
-1.32205443576 -0.632283913717 -10.1740394604 0.000835838179571 0.00167167635914 -0.00427207735336
-1.55675874844 -1.02985379376 -10.0542884839 -0.000501502914244 0.00248894432163 -0.00423491923415
-1.55675874844 -0.866998020485 -9.85311502934 -0.00204316964615 0.00312047422307 -0.00445781541441
-1.30288565487 -0.119750665929 -9.87706171632 -0.00265611177549 0.0035105378572 -0.00453211396779
-0.752034597918 0.402366972305 -9.88663594723 -0.00198744130986 0.00315761465723 -0.00380771490578
-0.474215402082 0.416728793755 -9.9345375073 -0.00061294219436 0.00183884394304 -0.00235893472691
-0.675398869962 0.110166302891 -9.88663594723 0.000408633948736 0.000111439271988 -0.000464362285029
-0.809521206245 -0.0766357188206 -9.77168202639 0.000872996233766 -0.00124447216082 0.00120733146658
-0.996323227957 -0.0479022315843 -9.73335469723 0.001095874794 -0.00206173999327 0.00206173999327
-1.07775601164 0.0958044631686 -9.70462089479 0.00148593842813 -0.00228463591346 0.00189457240937
-1.21666560955 0.0479022315843 -9.62318789184 0.00198744130986 -0.00213603867668 0.00120733146658
-1.34121342257 -0.0526895114919 -9.67109062135 0.00217317924088 -0.00152307899232 0.000390063634129
-1.43222080261 -0.210758045968 -9.61360372066 0.00198744130986 -0.00068724087777 -0.000352905579934
-1.1591888684 -0.349677456245 -9.63277264774 0.00146736808101 -9.2868965508e-05 -0.00061294219436
-1.10171205416 -0.373623668142 -9.59444473386 0.000742969214063 -0.000222896001466 -0.000427204230834
-1.30288565487 -0.31134979818 -9.40284551024 0.000204308245624 -0.000185737931016 -3.7140604833e-05
-1.32205443576 -0.249085704032 -9.27351094723 -9.2868965508e-05 0.000241466299818 0.00014859733431
-1.32684169739 -0.134122318011 -9.03400957882 1.85703024165e-05 0.000538660968439 -0.000167167632663
-1.30288565487 0.071848438913 -8.97174550295 0.000557231283047 0.00124447216082 -0.000445774545442
-1.16877318576 0.387995320223 -8.73703125 0.00169024670626 0.0021546090238 -0.000520073196343
-0.838254716322 0.483789961897 -8.69391622066 0.00313904457019 0.00297187685625 -0.000965865199274
-0.67060181424 0.138909597918 -8.68434198976 0.00429064770048 0.00313904457019 -0.00150450877524
-0.699345118403 -0.373623668142 -8.58375 0.00442067472018 0.00326907158989 -0.00169024670626
-0.819095729515 -0.76640625 -8.42568163455 0.0035105378572 0.0034919500851 -0.00137449918052
-0.905315847918 -0.838254716322 -8.11911913455 0.00226604814137 0.00375198669953 -0.000928707145079
-0.771193511635 -0.397569880038 -7.84608690798 0.00152307899232 0.00417920845287 -0.000928707145079
-0.574807136022 0.20597076606 -7.61137323976 0.00209888055747 0.00427207735336 -0.00152307899232
-0.431100445837 0.665814479515 -7.74549550295 0.00371484600529 0.00497788864326 -0.00224747805432
-0.201183486152 0.550851130038 -7.93230702639 0.00538652262451 0.00592518336538 -0.00189457240937
0.0431149516767 -0.00478727990761 -8.15743710816 0.00601805226587 0.00575801591152 -0.000594371847243
-0.0910073709022 -0.881369672567 -8.49274276614 0.00473642211588 0.00518221395627 0.00131877084423
-0.536479477957 -1.59508636996 -8.53106073976 0.00161596544783 0.00538652262451 0.00280470914231
-0.737662945837 -1.66693476319 -8.44484062135 -0.00221033736009 0.00620379006685 0.00323191347068
-1.02027927049 -1.28852386996 -8.17180839479 -0.00523792499762 0.00707678675575 0.00213603867668
-1.1064993158 -0.249085704032 -8.08558827639 -0.00650098480049 0.00819123176682 0.000241466299818
-0.421525886022 0.943633675352 -8.25324139774 -0.00525651302979 0.00949143226393 -0.00156023711154
0.0479022315843 1.14960447796 -8.56459101319 -0.00261897134134 0.0097143284442 -0.00252610218077
0.244288611766 0.617912261635 -8.79450821042 -0.000464362285029 0.00882276140819 -0.0021546090238
0.0287432995951 -0.574807136022 -9.11544199705 -0.000222896001466 0.00752256091108 -0.000947277427177
-0.234714051951 -1.55197148681 -9.24477714479 -0.00228463591346 0.00657528335386 0.000501502914244
-0.426313184202 -1.7723138684 -9.18729082882 -0.00544225083077 0.00577658625864 0.00172740469543
-0.41194153212 -0.943633675352 -9.04838086545 -0.00798692361873 0.00490358956974 0.00221033736009
-0.0910073709022 0.383198227957 -9.12502675295 -0.00774545709135 0.00436494651392 0.00176454538967
0.330508711897 1.17834778212 -9.34536913455 -0.00534938193028 0.00310190387595 0.00135591140842
0.526904918142 1.23103726164 -9.61360372066 -0.00228463591346 0.00105873416478 0.00157880732861
0.273031915929 0.886156934202 -10.2315257764 0.000222896001466 -0.00198744130986 0.00241464550819
-0.0191589297052 0.426313184202 -10.140509187 0.00178313303173 -0.00393774192549 0.0038262852529
-0.450259396099 -0.0862200909946 -10.3560632837 0.00217317924088 -0.00512648575001 0.00505218719664
-1.07296875 -0.445472097918 -10.4518687427 0.00204316964615 -0.00447638576153 0.00477357997502
-1.45616690487 -0.114963386022 -10.3848070264 0.00191314262645 -0.0023217766077 0.00291614838992
-1.0394381842 0.589178788103 -9.89143300295 0.00343623904375 0.000817267897472 0.000445774545442
-0.469428103901 1.21187834792 -9.34536913455 0.0064081159 0.00284184983655 -0.00273041058894
-0.330508711897 1.34121342257 -9.52738360226 0.00956573029716 0.00373341635241 -0.00510791540289
-0.45984375 1.08734040208 -9.9536964941 0.0122404126798 0.00486644939566 -0.00614807954565
-0.555648222305 0.335305804163 -10.1884107471 0.0138935189519 0.00614807954565 -0.00601805226587
-0.613125 -0.292190847918 -10.092615813 0.0141535735115 0.00731825276298 -0.00599948191876
-0.488587054163 -0.546063831858 -9.94890996337 0.0135777710361 0.00848842650046 -0.00657528335386
0.172440181989 -0.416728793755 -9.80521288455 0.012816214115 0.00891563082883 -0.00746683270482
0.45984375 -0.244288611766 -9.93933456302 0.0122404126798 0.00819123176682 -0.00713249727695
0.574807136022 -0.287403568011 -10.0207582104 0.0115903121712 0.00698391733511 -0.00590661301827
0.426313184202 -0.445472097918 -10.2506847632 0.0106616054813 0.00573944556441 -0.00430921804759
0.0335305795027 -0.843041977957 -10.3464796972 0.00915709631591 0.00533081158316 -0.00280470914231
0.0574767913995 -1.51365351319 -10.2985874927 0.00650098480049 0.00523792499762 -0.00178313303173
0.0622738790978 -1.85853398681 -10.2554724634 0.00317618500435 0.00488501974278 -0.00174597504255
0.186811834071 -1.69088101164 -10.4997609472 -0.000408633948736 0.00449495610865 -0.00204316964615
0.31134979818 -1.36037226319 -10.7632177734 -0.00341765127166 0.00377057447162 -0.00174597504255
0.541276570223 -1.14481721632 -11.18953125 -0.0058323144649 0.00267468212261 -0.000965865199274
0.498161613978 -1.23583431736 -11.4290320337 -0.0081169326933 0.00128163014999 0.000167167632663
0.320934152082 -1.33162895903 -11.5631554663 -0.0107730618938 -3.7140604833e-05 0.00135591140842
0.110166302891 -1.37474398836 -11.4434044898 -0.0130762509895 -0.000817267897472 0.00198744130986
-0.119750665929 -1.27893955261 -11.2565929663 -0.0151008505486 -0.00102157611059 0.00165310601202
-0.402366972305 -0.809521206245 -11.2278492236 -0.0165310606404 -0.000501502914244 0.000594371847243
-0.196396206245 -0.15328125 -11.3523972559 -0.0167353864735 0.000315764983228 -0.000538660968439
-0.071848438913 0.25387298394 -11.6158447266 -0.0157137926779 0.00113303278317 -0.000408633948736
0.440684836283 0.296978127826 -11.6972777295 -0.0143021529332 0.000780109843278 0.000520073196343
0.335305804163 0.292190847918 -11.6876929736 -0.0127047753875 -0.000482932599637 0.000928707145079
-0.00958436988993 0.225129698049 -11.6206312573 -0.0112002662221 -0.00137449918052 0.0010773045119
-0.215555138234 0.191599113978 -11.4769347632 -0.00969574041203 -0.00161596544783 0.000928707145079
-0.225129698049 0.249085704032 -11.2518052661 -0.00798692361873 -0.00159737767573 0.00014859733431
-0.105379022984 0.694557783678 -11.1751599634 -0.00611092116636 -0.00161596544783 -0.000947277427177
0.220342418142 0.900528586283 -11.2230615234 -0.00362197710481 -0.00180170337884 -0.00163453579494
0.129335038103 0.684973466322 -11.1751599634 -0.00124447216082 -0.00209888055747 -0.00120733146658
0.138909597918 0.301775220092 -11.2278492236 0.000575801565145 -0.00193171297357 1.85703024165e-05
0.177227461897 0.0383178594103 -11.4098742163 0.00182027372596 -0.00191314262645 0.000798697550356
0.129335038103 -0.0431149516767 -11.5296240234 0.0027861387952 -0.00152307899232 0.000872996233766
-0.071848438913 -0.215555138234 -11.4194484472 0.00339908118461 -0.00100300582849 0.00013002702783
-0.244288611766 -0.392782581858 -11.2230615234 0.00364054745192 9.2868965508e-05 -0.00104016388268
-0.191599113978 -0.368836369962 -10.9883472705 0.00362197710481 0.0013930693976 -0.00241464550819
-0.0383178594103 -0.263447543755 -10.8063234472 0.00375198669953 0.00261897134134 -0.00386344337211
0.196396206245 -0.25387298394 -10.8159070337 0.00391915441346 0.00356624863848 -0.00460641252116
0.469428103901 -0.541276570223 -10.7392722559 0.00380771490578 0.00367770531106 -0.00410490963942
0.397569880038 -0.819095729515 -10.6769982398 0.00326907158989 0.0033805108375 -0.00234034695481
0.387995320223 -0.948430804163 -10.5285035205 0.00224747805432 0.00306474575674 -0.000222896001466
0.229916977957 -0.761618988365 -10.4183372998 0.00130020049711 0.00258181322212 0.00130020049711
0.158068529908 -0.292190847918 -10.1740394604 0.000984435481372 0.00213603867668 0.00141163974472
0.0574767913995 0.148493970092 -9.98722793698 0.00148593842813 0.00209888055747 0.000408633948736
0.105379022984 0.479002663717 -9.80521288455 0.00260040099422 0.00235893472691 -0.000965865199274
0.292190847918 0.51253326606 -9.75252303958 0.00404918143317 0.00274898093606 -0.00209888055747
0.3065625 0.344880363978 -9.86268926024 0.00529365320387 0.00300901755048 -0.00265611177549
0.201183486152 -0.15328125 -9.85311502934 0.00588802550625 0.00336194049038 -0.00237750507403
0.268244636022 -0.603540646099 -9.9345375073 0.00555369007837 0.00367770531106 -0.00105873416478
0.301775220092 -0.833467381597 -9.93933456302 0.00464355321539 0.00362197710481 0.000204308245624
0.282616288103 -0.747247336283 -9.91537852049 0.00352910820432 0.00356624863848 0.00111446256609
0.469428103901 -0.421525886022 -9.87706171632 0.00286043760864 0.00336194049038 0.000910136862981
0.421525886022 0.00478727990761 -9.83394668698 0.00284184983655 0.00284184983655 -0.000297194668621
0.383198227957 0.268244636022 -9.90100723386 0.00347337973799 0.00286043760864 -0.00174597504255
0.555648222305 0.134122318011 -9.86268926024 0.00404918143317 0.00284184983655 -0.00254467252789
0.627496652082 -0.167652902082 -10.0111839795 0.00429064770048 0.00252610218077 -0.00258181322212
0.675398869962 -0.60833770182 -10.1165625 0.00378914481874 0.00222890770721 -0.00169024670626
0.665814479515 -1.05380983628 -10.1548804736 0.0024518036274 0.00180170337884 -0.000167167632663
0.483789961897 -1.26936488315 -10.1548804736 0.000408633948736 0.00133734106131 0.00169024670626
0.469428103901 -1.05380983628 -10.0974035132 -0.00146736808101 0.00100300582849 0.00280470914231
0.469428103901 -0.584381695837 -10.0015992236 -0.00261897134134 0.000631529966456 0.00310190387595
0.479002663717 -0.0622738790978 -10.0159705102 -0.0028975780428 0.000297194668621 0.00271184024182
0.469428103901 0.20597076606 -10.0255552661 -0.00248894432163 0.00013002702783 0.0021546090238
0.373623668142 0.177227461897 -10.0447142529 -0.00178313303173 0.000204308245624 0.00131877084423
0.239501331858 -0.119750665929 -10.1357214868 -0.0013930693976 0.000427204230834 0.000501502914244
0.15328125 -0.474215402082 -10.1644652295 -0.00152307899232 0.000891566515864 0.000427204230834
0.201183486152 -0.60833770182 -10.1548804736 -0.00209888055747 0.0010773045119 0.000817267897472
0.234714051951 -0.41194153212 -10.0974035132 -0.00256324287501 0.00102157611059 0.00118874369449
0.268244636022 -0.00958436988993 -10.0590855396 -0.00252610218077 0.000854408461669 0.0012630423779
0.268244636022 0.35446471788 -9.91537852049 -0.00165310601202 0.000538660968439 0.00104016388268
0.450259396099 0.50774596788 -9.90100723386 -0.000501502914244 0.00013002702783 0.00061294219436
0.56043548394 0.488587054163 -9.89621953368 0.000872996233766 -0.000334335265326 -0.000167167632663
0.593966086283 0.296978127826 -10.0015992236 0.00189457240937 -0.000854408461669 -0.000891566515864
0.593966086283 -0.162865622174 -10.0686597705 0.0023217766077 -0.00133734106131 -0.00104016388268
0.593966086283 -0.546063831858 -10.140509187 0.00193171297357 -0.00183884394304 -0.000297194668621
0.46463104818 -0.924474761635 -10.2411000073 0.000742969214063 -0.0021546090238 0.00118874369449
0.402366972305 -0.962802456245 -10.1165625 -0.000724398931964 -0.00228463591346 0.00241464550819
0.3065625 -0.684973466322 -10.0974035132 -0.00198744130986 -0.00234034695481 0.00308331610386
0.201183486152 -0.287403568011 -10.0542884839 -0.00252610218077 -0.00196887096274 0.00323191347068
0.25387298394 -0.0239462096128 -10.0495007837 -0.00260040099422 -0.00143021009183 0.00280470914231
0.225129698049 0.00958436988993 -10.0015992236 -0.00222890770721 -0.00100300582849 0.00165310601202
0.201183486152 0.0383178594103 -9.9728660059 -0.00182027372596 -0.000650100248555 0.000371493319521
0.186811834071 -0.0335305795027 -9.97765253663 -0.00148593842813 -0.000334335265326 -0.000798697550356
0.105379022984 -0.071848438913 -9.98722793698 -0.00115160313029 9.2868965508e-05 -0.00156023711154
0.0574767913995 0.0143716497975 -9.97765253663 -0.000724398931964 0.000798697550356 -0.00185743171514
0.31134979818 0.134122318011 -9.89621953368 -1.85703024165e-05 0.00148593842813 -0.00170883447835
0.51253326606 0.273031915929 -9.9345375073 0.000705828584848 0.00159737767573 -0.00141163974472
0.613125 0.191599113978 -9.96806895018 0.00150450877524 0.0013930693976 -0.000947277427177
0.689760727957 -0.148493970092 -10.0015992236 0.00198744130986 0.000780109843278 -0.000482932599637
0.522117619962 -0.517320527695 -10.1213502002 0.00174597504255 3.7140604833e-05 0.000241466299818
0.45984375 -0.641868304163 -10.0063962793 0.00100300582849 -0.000631529966456 0.0010773045119
0.268244636022 -0.397569880038 -9.99681152344 0.000297194668621 -0.0010773045119 0.00176454538967
0.301775220092 -0.0766357188206 -9.95849354982 0.000260036598171 -0.0010773045119 0.00189457240937
0.3065625 0.225129698049 -9.89143300295 0.000668670530653 -0.000965865199274 0.00148593842813
0.258660263848 0.35446471788 -9.84831797361 0.00148593842813 -0.000557231283047 0.00105873416478
0.469428103901 0.20597076606 -9.89143300295 0.00235893472691 -0.00014859733431 0.000501502914244
0.632283913717 -0.25387298394 -10.1117747998 0.00263754168845 -0.000241466299818 0.00014859733431
0.570010043755 -0.737662945837 -10.1500927734 0.00206173999327 -0.000557231283047 0.000631529966456
0.364039277695 -0.981961369962 -10.1740394604 0.000798697550356 -0.000928707145079 0.00182027372596
0.249085704032 -0.82388306424 -10.1165625 -0.000501502914244 -0.00104016388268 0.00299044720337
0.0670611590054 -0.40715423394 -10.0495007837 -0.00135591140842 -0.000780109843278 0.0034919500851
0.0383178594103 0.071848438913 -9.97765253663 -0.00124447216082 3.7140604833e-05 0.00317618500435
0.158068529908 0.344880363978 -9.95849354982 -0.000464362285029 0.000557231283047 0.00222890770721
0.234714051951 0.364039277695 -9.88663594723 0.000575801565145 0.00102157611059 0.000928707145079
0.35446471788 0.215555138234 -9.98722793698 0.00152307899232 0.000910136862981 -0.000334335265326
0.373623668142 -0.071848438913 -10.0111839795 0.00202459942907 0.000575801565145 -0.0012630423779
0.268244636022 -0.273031915929 -10.0590855396 0.00198744130986 0.000241466299818 -0.00131877084423
0.373623668142 -0.450259396099 -10.0686597705 0.00156023711154 5.57283647387e-05 -0.000501502914244
0.35925201606 -0.426313184202 -10.0542884839 0.000984435481372 -0.000167167632663 0.000427204230834
0.215555138234 -0.325721413717 -9.95849354982 0.000520073196343 -0.000222896001466 0.0010773045119
0.110166302891 -0.100591743076 -9.92016622066 0.000371493319521 0.00014859733431 0.0012259018137
0.114963386022 0.0 -9.83394668698 0.000390063634129 0.000557231283047 0.000817267897472
0.25387298394 -0.081432811087 -9.89621953368 0.000631529966456 0.000798697550356 -0.000352905579934
0.349677456245 -0.239501331858 -9.86747696042 0.000631529966456 0.000817267897472 -0.00152307899232
0.320934152082 -0.416728793755 -9.87227401614 0.000390063634129 0.000798697550356 -0.00206173999327
0.421525886022 -0.483789961897 -9.85790272951 -0.000185737931016 0.000724398931964 -0.00196887096274
0.445472097918 -0.41194153212 -9.86268926024 -0.000631529966456 0.000445774545442 -0.00137449918052
0.45984375 -0.263447543755 -9.96806895018 -0.000984435481372 0.000222896001466 -0.000352905579934
0.66102721788 -0.0670611590054 -9.86747696042 -0.000947277427177 7.42986671552e-05 0.000557231283047
0.699345118403 0.0383178594103 -9.81 -0.00061294219436 -0.000315764983228 0.0012259018137
0.51253326606 -0.0335305795027 -9.71899276614 -0.000204308245624 -0.000575801565145 0.00154166676442
0.402366972305 -0.239501331858 -9.87227401614 -7.42986671552e-05 -0.000520073196343 0.00135591140842
0.387995320223 -0.383198227957 -9.88663594723 -0.000204308245624 -0.000334335265326 0.000835838179571
0.402366972305 -0.474215402082 -9.89621953368 -0.000650100248555 -0.000241466299818 0.000222896001466
0.340093065798 -0.397569880038 -9.92496327639 -0.00102157611059 -1.85703024165e-05 -0.000204308245624
0.277819195837 -0.330508711897 -9.88663594723 -0.00130020049711 0.000315764983228 -0.000278606896524
0.292190847918 -0.167652902082 -9.88184824705 -0.0013930693976 0.000928707145079 -0.000260036598171
0.344880363978 -0.0287432995951 -9.81 -0.0012259018137 0.0013930693976 -0.000260036598171
0.368836369962 0.0287432995951 -9.88184824705 -0.000798697550356 0.00189457240937 -0.000352905579934
0.589178788103 -0.0479022315843 -9.88663594723 -0.000445774545442 0.00219176701297 -0.000501502914244
0.603540646099 -0.258660263848 -10.0063962793 -0.000222896001466 0.00195030074566 -0.000464362285029
0.502958706245 -0.435897538103 -9.99681152344 -0.000408633948736 0.00176454538967 -9.2868965508e-05
0.46463104818 -0.479002663717 -10.0207582104 -0.000761539496161 0.00143021009183 0.000278606896524
0.378410929777 -0.41194153212 -10.0063962793 -0.00115160313029 0.00105873416478 0.000575801565145
5.84384648681 0.215555138234 -11.7499669898 -0.00113303278317 -0.00293473616202 0.000445774545442
-2.6393118158 -0.493374315798 -11.9894677734 -0.000427204230834 -0.00505218719664 0.0045506843149
0.579594434202 -1.11128657743 -9.45074823976 -0.0034919500851 -0.000390063634129 0.00336194049038
0.87178528212 -0.474215402082 -8.93342752934 -0.00406775152021 -0.00135591140842 0.00347337973799
0.081432811087 0.071848438913 -9.32621014774 -0.00401204073893 -0.00182027372596 0.00388201371923
0.105379022984 0.229916977957 -10.8925535059 -0.00325048381779 -0.00141163974472 0.00323191347068
-0.134122318011 -0.081432811087 -11.0027197266 -0.00222890770721 7.42986671552e-05 0.00222890770721
-0.0862200909946 0.0431149516767 -10.4422839868 -0.00143021009183 0.00130020049711 0.000872996233766
0.134122318011 0.110166302891 -9.7429388684 -0.000650100248555 0.00187600206225 -0.000315764983228
0.301775220092 0.0431149516767 -9.32141309202 5.57283647387e-05 0.00159737767573 -0.00128163014999
0.45984375 0.143696877826 -9.62318789184 0.00068724087777 3.7140604833e-05 -0.00193171297357
0.828680119962 0.0766357188206 -9.89621953368 0.000910136862981 -0.000947277427177 -0.0024518036274
1.24062157899 -0.0479022315843 -9.83394668698 0.000947277427177 -0.0021546090238 -0.00217317924088
1.15440153368 -0.172440181989 -9.5704986316 0.000668670530653 -0.00352910820432 -0.0012630423779
0.962802456245 -0.158068529908 -9.51780937135 -0.000445774545442 -0.00503361684952 -5.57283647387e-05
-4.46910235226 -0.962802456245 -15.8837730396 -0.00161596544783 -0.000334335265326 0.00211746832956
4.70860372066 -1.05380983628 -2.78300860226 -0.0021546090238 0.00915709631591 -0.00204316964615
2.40459770903 1.09691492535 -3.93741035521 -0.00356624863848 0.000222896001466 0.000854408461669
1.07775601164 0.0383178594103 -9.10586776614 0.00124447216082 -0.00310190387595 0.000185737931016
-1.60466089323 0.67060181424 -13.2636205029 0.00100300582849 -0.00542368048365 -0.000780109843278
-0.943633675352 -0.555648222305 -13.0241185498 0.00221033736009 -0.00213603867668 0.000352905579934
-0.0622738790978 -0.287403568011 -10.0159705102 0.000222896001466 0.00137449918052 -5.57283647387e-05
0.86221068576 -0.531692179777 -9.196875 0.000185737931016 0.00150450877524 0.000390063634129
0.771193511635 -0.167652902082 -8.76097735226 -0.000854408461669 0.000780109843278 0.00013002702783
0.603540646099 0.656239956245 -9.31183827639 -0.000222896001466 1.85703024165e-05 9.2868965508e-05
0.536479477957 0.325721413717 -9.39327127934 3.7140604833e-05 -0.000427204230834 9.2868965508e-05
0.110166302891 -0.100591743076 -10.3608509839 0.000464362285029 -0.000594371847243 0.000111439271988
-0.0287432995951 -0.0862200909946 -10.600352937 0.00013002702783 -5.57283647387e-05 0.000204308245624
0.220342418142 0.0862200909946 -10.0303429663 5.57283647387e-05 0.000427204230834 0.000390063634129
0.340093065798 0.287403568011 -9.85790272951 0.000482932599637 0.000297194668621 0.000520073196343
0.41194153212 -0.0910073709022 -9.79084101319 0.000650100248555 0.000352905579934 0.000501502914244
0.316146853901 0.167652902082 -9.8195847559 0.000482932599637 5.57283647387e-05 0.000742969214063
0.277819195837 0.0670611590054 -10.0015992236 0.000557231283047 -0.000111439271988 0.00068724087777
0.282616288103 -0.100591743076 -10.1021912134 0.000668670530653 -0.000111439271988 0.000575801565145
0.225129698049 -0.287403568011 -10.1069777441 0.000427204230834 -1.85703024165e-05 0.000650100248555
0.215555138234 -0.46463104818 -10.1309337866 0.00013002702783 1.85703024165e-05 0.000260036598171
-0.3065625 -0.0862200909946 -9.87706171632 -0.000111439271988 0.000650100248555 0.000761539496161
0.680186131597 0.349677456245 -9.48427851319 0.00013002702783 0.0 0.000352905579934
-0.0862200909946 0.215555138234 -9.92975097656 0.000910136862981 -1.85703024165e-05 0.000427204230834
0.081432811087 -0.45984375 -10.2123667896 0.000464362285029 -0.000297194668621 0.000222896001466
0.0239462096128 -0.387995320223 -10.2075697339 0.0 -0.000185737931016 0.000371493319521
0.191599113978 0.41194153212 -10.0590855396 -0.00013002702783 0.000185737931016 0.000204308245624
0.3065625 0.182024554163 -9.87227401614 0.000482932599637 9.2868965508e-05 0.000371493319521
0.229916977957 -0.277819195837 -9.88663594723 0.000390063634129 9.2868965508e-05 0.000334335265326
0.325721413717 -0.225129698049 -9.94890996337 0.000111439271988 0.0 0.000315764983228
0.210758045968 0.105379022984 -9.98722793698 3.7140604833e-05 -1.85703024165e-05 0.000278606896524
0.335305804163 0.138909597918 -10.0303429663 0.000297194668621 -9.2868965508e-05 0.000408633948736
0.20597076606 -0.148493970092 -10.0638732398 0.000352905579934 5.57283647387e-05 0.000371493319521
0.320934152082 -0.0910073709022 -9.98722793698 7.42986671552e-05 0.00013002702783 0.000334335265326
0.325721413717 0.0958044631686 -9.9345375073 9.2868965508e-05 7.42986671552e-05 0.000315764983228
0.387995320223 -0.0143716497975 -9.92975097656 0.000278606896524 -1.85703024165e-05 0.000334335265326
0.277819195837 -0.081432811087 -10.0303429663 0.000185737931016 3.7140604833e-05 0.000334335265326
0.31134979818 0.0 -9.98244023681 0.00013002702783 3.7140604833e-05 0.000371493319521
0.273031915929 0.0862200909946 -9.98722793698 0.000260036598171 3.7140604833e-05 0.000315764983228
0.282616288103 -0.0622738790978 -9.9920249927 0.000297194668621 5.57283647387e-05 0.000334335265326
0.263447543755 -0.0526895114919 -9.9920249927 0.000185737931016 7.42986671552e-05 0.000371493319521
0.287403568011 0.0766357188206 -9.94890996337 9.2868965508e-05 0.000111439271988 0.000371493319521
0.373623668142 0.0910073709022 -9.9345375073 0.000260036598171 -1.85703024165e-05 0.000371493319521
0.282616288103 -0.138909597918 -10.0303429663 0.000260036598171 1.85703024165e-05 0.000371493319521
0.277819195837 -0.0191589297052 -9.98244023681 0.00013002702783 1.85703024165e-05 0.000352905579934
0.273031915929 0.0622738790978 -9.96806895018 0.00013002702783 9.2868965508e-05 0.000352905579934
0.273031915929 0.0526895114919 -9.98244023681 0.000260036598171 3.7140604833e-05 0.000315764983228
0.258660263848 -0.0958044631686 -9.9728660059 0.000185737931016 1.85703024165e-05 0.000334335265326
0.292190847918 -0.0670611590054 -9.94890996337 0.00013002702783 7.42986671552e-05 0.000315764983228
0.296978127826 0.00958436988993 -10.0015992236 0.000204308245624 -3.7140604833e-05 0.000352905579934
0.301775220092 -0.081432811087 -9.98722793698 0.000222896001466 5.57283647387e-05 0.000315764983228
0.258660263848 -0.0574767913995 -10.0159705102 0.000222896001466 1.85703024165e-05 0.000315764983228
0.296978127826 -0.00478727990761 -9.95849354982 0.00013002702783 3.7140604833e-05 0.000334335265326
0.225129698049 0.0526895114919 -9.99681152344 0.000222896001466 3.7140604833e-05 0.000334335265326
0.249085704032 -0.0431149516767 -9.92016622066 0.000297194668621 7.42986671552e-05 0.000352905579934
0.239501331858 -0.0526895114919 -9.98244023681 0.000167167632663 5.57283647387e-05 0.000297194668621
0.3065625 -0.0335305795027 -9.89621953368 0.000167167632663 5.57283647387e-05 0.000334335265326
0.292190847918 0.0526895114919 -9.96328125 0.000204308245624 3.7140604833e-05 0.000352905579934
0.277819195837 -0.0574767913995 -9.96806895018 0.000222896001466 3.7140604833e-05 0.000334335265326
0.263447543755 -0.0766357188206 -10.0063962793 0.000167167632663 0.0 0.000371493319521
0.263447543755 -0.0287432995951 -9.9536964941 0.000167167632663 3.7140604833e-05 0.000390063634129
0.25387298394 0.0574767913995 -9.93933456302 0.000204308245624 0.0 0.000352905579934
0.273031915929 -0.0431149516767 -9.9920249927 0.000204308245624 9.2868965508e-05 0.000334335265326
0.268244636022 -0.0431149516767 -9.97765253663 0.000167167632663 3.7140604833e-05 0.000334335265326
0.263447543755 -0.0239462096128 -9.9345375073 0.00014859733431 9.2868965508e-05 0.000315764983228
0.277819195837 0.00958436988993 -9.98244023681 0.000167167632663 0.0 0.000371493319521
0.282616288103 -0.0479022315843 -9.96328125 0.000204308245624 3.7140604833e-05 0.000371493319521
0.25387298394 -0.0431149516767 -9.96806895018 0.000167167632663 5.57283647387e-05 0.000352905579934
0.292190847918 0.0239462096128 -9.93933456302 0.000185737931016 3.7140604833e-05 0.000371493319521
0.31134979818 0.0287432995951 -9.98722793698 0.000204308245624 5.57283647387e-05 0.000334335265326
0.277819195837 -0.0191589297052 -9.9920249927 0.000204308245624 3.7140604833e-05 0.000390063634129
0.3065625 -0.0335305795027 -9.98722793698 0.000185737931016 5.57283647387e-05 0.000352905579934
0.273031915929 0.0 -9.92016622066 0.00014859733431 5.57283647387e-05 0.000334335265326
0.292190847918 -0.0191589297052 -9.99681152344 0.000222896001466 1.85703024165e-05 0.000352905579934
0.239501331858 0.00478727990761 -10.0255552661 0.000241466299818 3.7140604833e-05 0.000352905579934
0.229916977957 -0.0191589297052 -9.9920249927 0.000204308245624 0.000111439271988 0.000334335265326
0.25387298394 -0.0239462096128 -10.0111839795 0.000185737931016 3.7140604833e-05 0.000334335265326
0.282616288103 -0.0383178594103 -9.98722793698 0.000167167632663 1.85703024165e-05 0.000371493319521
0.292190847918 -0.071848438913 -9.9920249927 0.000185737931016 3.7140604833e-05 0.000352905579934
0.229916977957 -0.0670611590054 -9.89143300295 0.000204308245624 0.000204308245624 0.000315764983228
0.479002663717 0.0670611590054 -9.87706171632 0.00013002702783 0.00013002702783 0.000315764983228
0.210758045968 0.0 -10.0207582104 0.000167167632663 7.42986671552e-05 0.000297194668621
0.301775220092 0.0143716497975 -10.0686597705 0.000167167632663 -0.00013002702783 0.000390063634129
0.134122318011 -0.0287432995951 -10.0447142529 0.000204308245624 0.00014859733431 0.000297194668621
0.316146853901 0.0143716497975 -10.0111839795 0.000185737931016 7.42986671552e-05 0.000371493319521
0.344880363978 -0.0670611590054 -9.77168202639 0.00014859733431 0.000241466299818 0.000241466299818
0.383198227957 0.0622738790978 -10.0974035132 0.00014859733431 -3.7140604833e-05 0.000427204230834
0.273031915929 -0.0670611590054 -10.0159705102 0.000278606896524 0.00014859733431 0.000315764983228
0.268244636022 -0.134122318011 -9.98244023681 7.42986671552e-05 7.42986671552e-05 0.000371493319521
0.201183486152 0.071848438913 -10.0015992236 0.000111439271988 9.2868965508e-05 0.000408633948736
0.35925201606 -0.0383178594103 -9.86747696042 0.000260036598171 7.42986671552e-05 0.000371493319521
0.249085704032 -0.0431149516767 -9.91537852049 0.000204308245624 1.85703024165e-05 0.000390063634129
0.277819195837 -0.0766357188206 -9.98244023681 0.00014859733431 1.85703024165e-05 0.000334335265326
0.268244636022 0.0143716497975 -10.0399171972 0.000167167632663 7.42986671552e-05 0.000390063634129
0.273031915929 0.0143716497975 -9.92975097656 0.000241466299818 1.85703024165e-05 0.000352905579934
0.282616288103 -0.0479022315843 -9.98722793698 0.000185737931016 3.7140604833e-05 0.000297194668621
0.3065625 -0.0479022315843 -9.98722793698 0.000185737931016 7.42986671552e-05 0.000371493319521
0.249085704032 0.00478727990761 -9.92975097656 0.000111439271988 7.42986671552e-05 0.000278606896524
0.287403568011 0.0191589297052 -9.96328125 0.000222896001466 3.7140604833e-05 0.000352905579934
0.268244636022 -0.0670611590054 -10.0015992236 0.000260036598171 9.2868965508e-05 0.000334335265326
0.292190847918 -0.0622738790978 -9.98722793698 0.000167167632663 5.57283647387e-05 0.000352905579934
0.296978127826 0.00958436988993 -9.98244023681 0.000185737931016 7.42986671552e-05 0.000371493319521
0.273031915929 0.0670611590054 -9.94412226319 0.000167167632663 1.85703024165e-05 0.000334335265326
0.229916977957 -0.0383178594103 -10.0111839795 0.000241466299818 0.0 0.000334335265326
0.263447543755 -0.0670611590054 -9.94890996337 0.00014859733431 9.2868965508e-05 0.000352905579934
0.282616288103 0.0479022315843 -9.94890996337 0.00014859733431 1.85703024165e-05 0.000352905579934
0.301775220092 0.0191589297052 -10.0063962793 0.000222896001466 0.0 0.000334335265326
0.25387298394 -0.0431149516767 -10.0159705102 0.000185737931016 5.57283647387e-05 0.000352905579934
0.277819195837 -0.0335305795027 -9.92975097656 0.000167167632663 9.2868965508e-05 0.000352905579934
0.277819195837 0.00478727990761 -9.96328125 0.00014859733431 1.85703024165e-05 0.000334335265326
0.273031915929 -0.00958436988993 -9.92016622066 0.000260036598171 0.0 0.000352905579934
0.273031915929 -0.071848438913 -9.99681152344 0.000222896001466 1.85703024165e-05 0.000371493319521
0.282616288103 -0.0239462096128 -10.0207582104 0.000185737931016 7.42986671552e-05 0.000315764983228
0.25387298394 0.00478727990761 -10.0015992236 0.000185737931016 5.57283647387e-05 0.000334335265326
0.258660263848 -0.0335305795027 -9.99681152344 0.000185737931016 7.42986671552e-05 0.000334335265326
0.282616288103 -0.0287432995951 -10.0015992236 0.000185737931016 3.7140604833e-05 0.000390063634129
0.244288611766 -0.0191589297052 -9.95849354982 0.000185737931016 9.2868965508e-05 0.000315764983228
0.239501331858 0.0191589297052 -9.95849354982 0.000185737931016 5.57283647387e-05 0.000334335265326
0.277819195837 -0.0766357188206 -9.98244023681 0.000204308245624 5.57283647387e-05 0.000352905579934
0.301775220092 -0.0670611590054 -9.96806895018 0.00014859733431 5.57283647387e-05 0.000315764983228
0.268244636022 0.0 -9.96328125 0.000185737931016 7.42986671552e-05 0.000334335265326
0.277819195837 -0.00478727990761 -9.9536964941 0.000167167632663 -1.85703024165e-05 0.000315764983228
0.268244636022 -0.0335305795027 -10.0111839795 0.000204308245624 3.7140604833e-05 0.000352905579934
0.282616288103 -0.0287432995951 -10.0015992236 0.000185737931016 5.57283647387e-05 0.000334335265326
0.282616288103 0.0 -9.98722793698 0.000222896001466 1.85703024165e-05 0.000334335265326
0.287403568011 -0.00478727990761 -10.0159705102 0.000204308245624 3.7140604833e-05 0.000297194668621
0.3065625 -0.00958436988993 -9.99681152344 0.000185737931016 5.57283647387e-05 0.000334335265326
0.273031915929 -0.0191589297052 -9.94890996337 0.000204308245624 3.7140604833e-05 0.000352905579934
0.268244636022 -0.00478727990761 -9.92975097656 0.000185737931016 5.57283647387e-05 0.000297194668621
0.287403568011 0.0 -9.9728660059 0.000185737931016 3.7140604833e-05 0.000408633948736
0.292190847918 -0.0383178594103 -9.96806895018 0.000204308245624 3.7140604833e-05 0.000445774545442
0.277819195837 -0.0383178594103 -9.98244023681 0.000204308245624 5.57283647387e-05 0.000352905579934
0.282616288103 -0.0143716497975 -9.9920249927 0.000185737931016 3.7140604833e-05 0.000352905579934
0.287403568011 -0.00478727990761 -9.9920249927 0.000167167632663 5.57283647387e-05 0.000352905579934
0.258660263848 -0.00478727990761 -9.9728660059 0.000185737931016 5.57283647387e-05 0.000371493319521
0.273031915929 -0.0383178594103 -9.96328125 0.000222896001466 0.0 0.000352905579934
0.282616288103 -0.0383178594103 -9.92496327639 0.000204308245624 7.42986671552e-05 0.000352905579934
0.268244636022 -0.0239462096128 -9.94890996337 0.000167167632663 3.7140604833e-05 0.000390063634129
0.277819195837 0.00478727990761 -9.99681152344 0.000204308245624 5.57283647387e-05 0.000371493319521
0.249085704032 -0.00958436988993 -9.92496327639 0.000222896001466 3.7140604833e-05 0.000334335265326
0.277819195837 -0.0191589297052 -9.9920249927 0.000222896001466 1.85703024165e-05 0.000315764983228
0.287403568011 -0.0191589297052 -9.98244023681 0.000204308245624 -1.85703024165e-05 0.000334335265326
0.296978127826 0.00478727990761 -9.9345375073 0.000185737931016 3.7140604833e-05 0.000334335265326
0.282616288103 -0.00958436988993 -10.0015992236 0.000204308245624 0.0 0.000371493319521
0.268244636022 -0.0670611590054 -9.98722793698 0.000204308245624 3.7140604833e-05 0.000334335265326
0.277819195837 -0.0335305795027 -9.94412226319 0.000204308245624 9.2868965508e-05 0.000371493319521
0.282616288103 0.00958436988993 -9.98244023681 0.000185737931016 7.42986671552e-05 0.000334335265326
0.296978127826 -0.0191589297052 -9.95849354982 0.000222896001466 1.85703024165e-05 0.000352905579934
0.287403568011 -0.0622738790978 -9.9728660059 0.000185737931016 5.57283647387e-05 0.000352905579934
0.273031915929 0.00478727990761 -10.0111839795 0.000185737931016 0.0 0.000334335265326
0.282616288103 0.0 -9.9345375073 0.000204308245624 7.42986671552e-05 0.000352905579934
0.25387298394 -0.00958436988993 -9.9920249927 0.00014859733431 1.85703024165e-05 0.000334335265326
0.263447543755 -0.0287432995951 -9.99681152344 0.000204308245624 7.42986671552e-05 0.000334335265326
0.268244636022 0.0143716497975 -9.99681152344 0.000111439271988 3.7140604833e-05 0.000371493319521
0.273031915929 -0.00958436988993 -10.0015992236 0.000204308245624 0.00013002702783 0.000315764983228
0.3065625 -0.0574767913995 -10.0111839795 0.000260036598171 5.57283647387e-05 0.000371493319521
0.210758045968 -0.0287432995951 -9.95849354982 0.000185737931016 3.7140604833e-05 0.000334335265326
0.287403568011 0.0287432995951 -9.97765253663 0.000222896001466 1.85703024165e-05 0.000371493319521
0.239501331858 -0.0143716497975 -9.96328125 0.000241466299818 5.57283647387e-05 0.000352905579934
0.296978127826 -0.081432811087 -9.96328125 0.000167167632663 7.42986671552e-05 0.000315764983228
0.249085704032 0.0335305795027 -9.98244023681 0.00014859733431 7.42986671552e-05 0.000371493319521
0.3065625 0.00958436988993 -9.92975097656 0.000222896001466 0.0 0.000371493319521
0.263447543755 -0.0431149516767 -9.9345375073 0.000260036598171 9.2868965508e-05 0.000352905579934
0.282616288103 -0.0622738790978 -9.99681152344 0.000185737931016 3.7140604833e-05 0.000371493319521
0.282616288103 0.0287432995951 -9.98722793698 0.000111439271988 5.57283647387e-05 0.000352905579934
0.292190847918 -0.00958436988993 -9.9728660059 0.000204308245624 5.57283647387e-05 0.000390063634129
0.287403568011 -0.0239462096128 -10.0447142529 0.000204308245624 3.7140604833e-05 0.000352905579934
0.292190847918 -0.0862200909946 -9.98244023681 0.00014859733431 7.42986671552e-05 0.000371493319521
0.277819195837 0.0431149516767 -10.0351294971 0.000204308245624 5.57283647387e-05 0.000334335265326
0.277819195837 0.0335305795027 -9.99681152344 0.000241466299818 1.85703024165e-05 0.000297194668621
0.25387298394 -0.105379022984 -9.97765253663 0.000185737931016 5.57283647387e-05 0.000371493319521
0.282616288103 -0.0574767913995 -9.9536964941 0.000167167632663 1.85703024165e-05 0.000352905579934
0.316146853901 0.0526895114919 -10.0159705102 0.000185737931016 5.57283647387e-05 0.000352905579934
0.277819195837 -0.0191589297052 -9.92496327639 0.000260036598171 7.42986671552e-05 0.000297194668621
0.273031915929 -0.0622738790978 -9.98722793698 0.000185737931016 1.85703024165e-05 0.000334335265326
0.3065625 0.0 -10.0447142529 0.000204308245624 7.42986671552e-05 0.000371493319521
0.25387298394 0.0 -9.93933456302 0.000222896001466 3.7140604833e-05 0.000334335265326
0.296978127826 -0.0239462096128 -9.98244023681 0.000260036598171 7.42986671552e-05 0.000334335265326
0.273031915929 -0.00478727990761 -10.0207582104 0.000204308245624 5.57283647387e-05 0.000334335265326
0.229916977957 -0.00958436988993 -9.95849354982 0.00014859733431 3.7140604833e-05 0.000334335265326
0.292190847918 -0.0143716497975 -9.94412226319 0.000204308245624 3.7140604833e-05 0.000352905579934
0.268244636022 -0.0287432995951 -9.96806895018 0.000222896001466 3.7140604833e-05 0.000334335265326
0.268244636022 -0.0191589297052 -9.9536964941 0.000222896001466 -1.85703024165e-05 0.000390063634129
0.3065625 -0.0574767913995 -9.96328125 0.000185737931016 7.42986671552e-05 0.000334335265326
0.292190847918 -0.0191589297052 -9.97765253663 0.000222896001466 9.2868965508e-05 0.000371493319521
0.268244636022 -0.0239462096128 -10.0063962793 0.00013002702783 1.85703024165e-05 0.000315764983228
0.287403568011 0.0287432995951 -9.89621953368 0.000204308245624 9.2868965508e-05 0.000352905579934
0.249085704032 -0.0191589297052 -9.99681152344 0.000260036598171 -1.85703024165e-05 0.000352905579934
0.31134979818 -0.0526895114919 -10.0015992236 0.000185737931016 7.42986671552e-05 0.000334335265326
0.268244636022 0.0239462096128 -10.0111839795 0.00013002702783 5.57283647387e-05 0.000390063634129
0.282616288103 0.0431149516767 -9.92016622066 0.000185737931016 5.57283647387e-05 0.000315764983228
0.277819195837 -0.071848438913 -9.95849354982 0.000241466299818 3.7140604833e-05 0.000371493319521
0.268244636022 -0.081432811087 -10.0303429663 0.000167167632663 5.57283647387e-05 0.000315764983228
0.296978127826 0.00478727990761 -10.0063962793 0.00013002702783 7.42986671552e-05 0.000352905579934
0.277819195837 0.071848438913 -9.98722793698 0.000241466299818 7.42986671552e-05 0.000334335265326
0.292190847918 -0.0335305795027 -9.98722793698 0.000315764983228 1.85703024165e-05 0.000315764983228
0.263447543755 -0.105379022984 -9.96806895018 0.000167167632663 7.42986671552e-05 0.000315764983228
0.25387298394 0.0 -9.96328125 0.000111439271988 7.42986671552e-05 0.000315764983228
0.320934152082 0.119750665929 -9.98244023681 0.000185737931016 1.85703024165e-05 0.000352905579934
0.277819195837 -0.105379022984 -9.97765253663 0.000278606896524 7.42986671552e-05 0.000352905579934
0.330508711897 -0.0766357188206 -10.0207582104 0.000185737931016 3.7140604833e-05 0.000371493319521
0.273031915929 0.00958436988993 -10.0111839795 0.00013002702783 7.42986671552e-05 0.000315764983228
0.287403568011 0.0526895114919 -9.94890996337 0.000204308245624 9.2868965508e-05 0.000390063634129
0.292190847918 0.0 -10.0159705102 0.000185737931016 0.0 0.000390063634129
0.273031915929 -0.0862200909946 -9.9920249927 0.000167167632663 7.42986671552e-05 0.000408633948736
0.249085704032 0.0191589297052 -9.99681152344 0.000185737931016 -3.7140604833e-05 0.000352905579934
0.292190847918 -0.0287432995951 -9.94412226319 0.000185737931016 9.2868965508e-05 0.000334335265326
0.263447543755 0.0622738790978 -10.0399171972 0.000222896001466 0.0 0.000408633948736
0.31134979818 -0.129335038103 -9.90580428958 0.000204308245624 0.00013002702783 0.000241466299818
0.258660263848 0.00478727990761 -10.0207582104 0.000167167632663 1.85703024165e-05 0.000445774545442
0.368836369962 -0.0383178594103 -9.94412226319 0.000204308245624 0.00013002702783 0.000222896001466
0.15328125 0.0383178594103 -10.0303429663 0.000260036598171 0.0 0.000445774545442
0.373623668142 -0.0335305795027 -10.0303429663 0.000241466299818 5.57283647387e-05 0.000297194668621
0.177227461897 -0.0287432995951 -10.0255552661 0.00014859733431 1.85703024165e-05 0.000390063634129
0.35925201606 -0.00478727990761 -10.0015992236 0.00014859733431 7.42986671552e-05 0.000334335265326
0.210758045968 0.0 -9.98244023681 0.000185737931016 3.7140604833e-05 0.000334335265326
0.364039277695 -0.0287432995951 -10.0207582104 0.000260036598171 5.57283647387e-05 0.000334335265326
0.273031915929 -0.0431149516767 -9.95849354982 0.000185737931016 3.7140604833e-05 0.000371493319521
0.282616288103 0.00478727990761 -9.97765253663 0.000204308245624 3.7140604833e-05 0.000390063634129
0.258660263848 -0.0287432995951 -9.98244023681 0.000185737931016 7.42986671552e-05 0.000334335265326
0.287403568011 -0.0191589297052 -9.96328125 0.000167167632663 -1.85703024165e-05 0.000315764983228
0.282616288103 -0.0335305795027 -9.9728660059 0.00014859733431 7.42986671552e-05 0.000334335265326
0.273031915929 -0.00958436988993 -10.0159705102 0.000204308245624 3.7140604833e-05 0.000334335265326
0.268244636022 -0.00958436988993 -9.9728660059 0.000241466299818 1.85703024165e-05 0.000352905579934
0.225129698049 -0.0526895114919 -9.97765253663 0.000185737931016 5.57283647387e-05 0.000390063634129
0.287403568011 0.0143716497975 -10.0207582104 0.000185737931016 5.57283647387e-05 0.000352905579934
0.292190847918 0.00958436988993 -9.99681152344 0.000185737931016 9.2868965508e-05 0.000315764983228
0.287403568011 -0.0239462096128 -9.96806895018 0.000241466299818 -3.7140604833e-05 0.000315764983228
0.273031915929 -0.0143716497975 -9.99681152344 0.000222896001466 3.7140604833e-05 0.000297194668621
0.335305804163 -0.0383178594103 -10.0303429663 0.000167167632663 -1.85703024165e-05 0.000334335265326
0.239501331858 -0.00478727990761 -9.99681152344 0.000185737931016 7.42986671552e-05 0.000352905579934
0.268244636022 0.00958436988993 -9.9728660059 0.000185737931016 1.85703024165e-05 0.000334335265326
0.25387298394 -0.0335305795027 -9.99681152344 0.000222896001466 7.42986671552e-05 0.000334335265326
0.258660263848 -0.0335305795027 -9.90580428958 0.000185737931016 9.2868965508e-05 0.000334335265326
0.316146853901 0.0335305795027 -9.98244023681 0.000167167632663 5.57283647387e-05 0.000352905579934
0.239501331858 0.00478727990761 -10.0063962793 0.000241466299818 1.85703024165e-05 0.000427204230834
0.3065625 -0.114963386022 -9.9345375073 0.000185737931016 0.000111439271988 0.000352905579934
0.158068529908 0.0335305795027 -10.1069777441 0.000222896001466 1.85703024165e-05 0.000445774545442
0.392782581858 -0.124537945837 -9.85311502934 0.00014859733431 0.000167167632663 0.000260036598171
0.201183486152 0.134122318011 -10.1021912134 0.00014859733431 -5.57283647387e-05 0.000427204230834
0.378410929777 -0.124537945837 -9.94890996337 0.000204308245624 0.000167167632663 0.000278606896524
0.239501331858 0.0 -9.99681152344 0.000167167632663 -1.85703024165e-05 0.000445774545442
