0.239501331858 -0.0143716497975 -9.98722793698 0.000241466299818 1.85703024165e-05 0.000352905579934
0.282616288103 -0.0335305795027 -10.0111839795 0.000222896001466 5.57283647387e-05 0.000371493319521
0.229916977957 -0.0335305795027 -9.92016622066 0.00014859733431 9.2868965508e-05 0.000334335265326
0.325721413717 -0.0287432995951 -9.98722793698 0.000167167632663 1.85703024165e-05 0.000334335265326
0.263447543755 -0.0383178594103 -9.96328125 0.000241466299818 7.42986671552e-05 0.000334335265326
0.292190847918 -0.0191589297052 -10.0015992236 0.000222896001466 5.57283647387e-05 0.000371493319521
0.277819195837 0.0335305795027 -10.0159705102 0.000204308245624 3.7140604833e-05 0.000315764983228
0.249085704032 -0.0766357188206 -9.96328125 0.000222896001466 5.57283647387e-05 0.000352905579934
0.244288611766 -0.0335305795027 -9.97765253663 0.000204308245624 3.7140604833e-05 0.000334335265326
0.292190847918 0.0143716497975 -9.9728660059 0.000204308245624 9.2868965508e-05 0.000371493319521
0.301775220092 -0.0191589297052 -9.98722793698 0.000185737931016 1.85703024165e-05 0.000315764983228
0.249085704032 -0.0383178594103 -9.96328125 0.000204308245624 3.7140604833e-05 0.000334335265326
0.282616288103 -0.00478727990761 -9.9728660059 0.000167167632663 1.85703024165e-05 0.000315764983228
0.282616288103 -0.0287432995951 -9.98722793698 0.000204308245624 1.85703024165e-05 0.000352905579934
0.292190847918 -0.0479022315843 -10.0159705102 0.000204308245624 1.85703024165e-05 0.000334335265326
0.263447543755 -0.00478727990761 -10.0063962793 0.000185737931016 3.7140604833e-05 0.000334335265326
0.273031915929 0.00478727990761 -9.9728660059 0.000185737931016 7.42986671552e-05 0.000278606896524
0.268244636022 -0.0191589297052 -9.98722793698 0.000204308245624 5.57283647387e-05 0.000297194668621
0.3065625 -0.0143716497975 -9.97765253663 0.000204308245624 5.57283647387e-05 0.000390063634129
0.239501331858 -0.00478727990761 -9.9920249927 0.000185737931016 5.57283647387e-05 0.000390063634129
0.35446471788 -0.0239462096128 -9.9920249927 0.000167167632663 5.57283647387e-05 0.000334335265326
0.263447543755 0.00478727990761 -9.97765253663 0.000222896001466 5.57283647387e-05 0.000371493319521
0.273031915929 -0.0239462096128 -9.94412226319 0.000185737931016 9.2868965508e-05 0.000297194668621
0.287403568011 0.00958436988993 -10.0303429663 0.000185737931016 3.7140604833e-05 0.000371493319521
0.25387298394 -0.0143716497975 -9.96806895018 0.000222896001466 5.57283647387e-05 0.000315764983228
0.258660263848 -0.0239462096128 -9.9920249927 0.000167167632663 1.85703024165e-05 0.000315764983228
0.263447543755 -0.0287432995951 -9.97765253663 0.000204308245624 5.57283647387e-05 0.000352905579934
0.244288611766 -0.00958436988993 -10.0255552661 0.000204308245624 3.7140604833e-05 0.000315764983228
0.287403568011 0.00478727990761 -9.94412226319 0.000167167632663 9.2868965508e-05 0.000315764983228
0.244288611766 0.0191589297052 -10.0303429663 0.000185737931016 3.7140604833e-05 0.000278606896524
0.239501331858 -0.0239462096128 -10.0063962793 0.000185737931016 5.57283647387e-05 0.000334335265326
0.3065625 -0.0335305795027 -9.97765253663 0.000185737931016 1.85703024165e-05 0.000352905579934
0.273031915929 -0.0383178594103 -10.0015992236 0.000222896001466 5.57283647387e-05 0.000352905579934
0.282616288103 -0.0143716497975 -9.98722793698 0.000167167632663 0.0 0.000297194668621
0.273031915929 0.0 -10.0111839795 0.000241466299818 3.7140604833e-05 0.000315764983228
0.3065625 -0.00958436988993 -9.95849354982 0.000167167632663 3.7140604833e-05 0.000390063634129
0.263447543755 0.00478727990761 -9.98244023681 0.000167167632663 3.7140604833e-05 0.000334335265326
0.273031915929 0.00958436988993 -9.99681152344 0.000222896001466 5.57283647387e-05 0.000334335265326
0.244288611766 -0.0383178594103 -9.9920249927 0.000241466299818 3.7140604833e-05 0.000334335265326
0.25387298394 -0.0239462096128 -10.0063962793 0.000185737931016 3.7140604833e-05 0.000371493319521
0.268244636022 0.0143716497975 -9.99681152344 0.000222896001466 3.7140604833e-05 0.000352905579934
0.282616288103 -0.0431149516767 -9.97765253663 0.000222896001466 0.0 0.000315764983228
0.263447543755 -0.0479022315843 -10.0015992236 0.000222896001466 5.57283647387e-05 0.000352905579934
0.287403568011 0.00958436988993 -9.97765253663 0.00014859733431 -1.85703024165e-05 0.000334335265326
0.292190847918 -0.00478727990761 -9.98244023681 0.000222896001466 5.57283647387e-05 0.000315764983228
0.263447543755 -0.0670611590054 -9.93933456302 0.000204308245624 5.57283647387e-05 0.000371493319521
0.3065625 -0.0287432995951 -9.92016622066 0.00014859733431 9.2868965508e-05 0.000334335265326
0.277819195837 0.0287432995951 -10.0447142529 0.000204308245624 3.7140604833e-05 0.000371493319521
0.258660263848 -0.0335305795027 -9.94890996337 0.000241466299818 5.57283647387e-05 0.000371493319521
0.325721413717 -0.0143716497975 -10.0447142529 0.000167167632663 5.57283647387e-05 0.000315764983228
0.258660263848 -0.0335305795027 -9.9728660059 0.000204308245624 0.000111439271988 0.000352905579934
0.249085704032 -0.0383178594103 -9.9728660059 0.000185737931016 5.57283647387e-05 0.000334335265326
0.25387298394 -0.0431149516767 -9.97765253663 0.000222896001466 7.42986671552e-05 0.000334335265326
0.277819195837 -0.0335305795027 -9.9536964941 0.000167167632663 5.57283647387e-05 0.000352905579934
0.234714051951 -0.0239462096128 -10.0207582104 0.000185737931016 5.57283647387e-05 0.000334335265326
0.268244636022 -0.00478727990761 -9.96806895018 0.000204308245624 7.42986671552e-05 0.000352905579934
0.263447543755 -0.0431149516767 -9.95849354982 0.000222896001466 7.42986671552e-05 0.000315764983228
0.292190847918 0.0 -9.92496327639 0.000222896001466 1.85703024165e-05 0.000352905579934
0.258660263848 -0.0239462096128 -9.96806895018 0.000204308245624 5.57283647387e-05 0.000352905579934
0.277819195837 -0.0239462096128 -9.9536964941 0.00013002702783 3.7140604833e-05 0.000334335265326
0.282616288103 0.00478727990761 -10.0159705102 0.00013002702783 1.85703024165e-05 0.000334335265326
0.277819195837 -0.0191589297052 -9.98722793698 0.000185737931016 0.0 0.000334335265326
0.263447543755 -0.0287432995951 -10.0159705102 0.000185737931016 5.57283647387e-05 0.000371493319521
0.296978127826 -0.0431149516767 -9.9728660059 0.000185737931016 0.0 0.000334335265326
0.277819195837 -0.00478727990761 -9.95849354982 0.000185737931016 9.2868965508e-05 0.000241466299818
0.268244636022 0.00478727990761 -10.0399171972 0.000260036598171 3.7140604833e-05 0.000315764983228
0.301775220092 -0.0479022315843 -9.99681152344 0.000222896001466 7.42986671552e-05 0.000334335265326
0.282616288103 -0.0335305795027 -10.0159705102 0.000167167632663 7.42986671552e-05 0.000352905579934
0.287403568011 0.00478727990761 -9.96806895018 0.000185737931016 7.42986671552e-05 0.000371493319521
0.268244636022 -0.0143716497975 -9.94412226319 0.000241466299818 5.57283647387e-05 0.000352905579934
0.25387298394 -0.0239462096128 -9.97765253663 0.000222896001466 5.57283647387e-05 0.000371493319521
0.296978127826 -0.00958436988993 -9.98722793698 0.000204308245624 1.85703024165e-05 0.000334335265326
0.282616288103 -0.0239462096128 -9.94890996337 0.000222896001466 3.7140604833e-05 0.000334335265326
0.273031915929 -0.00958436988993 -9.99681152344 0.000185737931016 5.57283647387e-05 0.000352905579934
0.301775220092 -0.0431149516767 -9.9728660059 0.000167167632663 1.85703024165e-05 0.000315764983228
0.273031915929 -0.0431149516767 -9.99681152344 0.000167167632663 1.85703024165e-05 0.000390063634129
0.273031915929 0.00478727990761 -9.98244023681 0.000204308245624 3.7140604833e-05 0.000371493319521
0.268244636022 -0.0479022315843 -9.98722793698 0.000185737931016 5.57283647387e-05 0.000315764983228
0.273031915929 -0.0431149516767 -10.0255552661 0.000204308245624 7.42986671552e-05 0.000334335265326
0.282616288103 0.0239462096128 -9.97765253663 0.000167167632663 5.57283647387e-05 0.000371493319521
0.263447543755 0.00478727990761 -10.0015992236 0.000241466299818 0.0 0.000390063634129
0.287403568011 -0.0479022315843 -9.97765253663 0.000222896001466 0.0 0.000334335265326
0.296978127826 -0.0191589297052 -9.96328125 0.000204308245624 7.42986671552e-05 0.000371493319521
0.249085704032 -0.0239462096128 -9.93933456302 0.000185737931016 5.57283647387e-05 0.000352905579934
0.273031915929 -0.0191589297052 -9.9728660059 0.000222896001466 1.85703024165e-05 0.000334335265326
0.25387298394 -0.0479022315843 -10.0159705102 0.000167167632663 1.85703024165e-05 0.000371493319521
0.292190847918 0.0 -9.9920249927 0.000222896001466 5.57283647387e-05 0.000390063634129
0.258660263848 -0.0335305795027 -9.9728660059 0.000167167632663 5.57283647387e-05 0.000352905579934
0.287403568011 -0.0479022315843 -9.9728660059 0.00014859733431 0.000111439271988 0.000352905579934
0.292190847918 -0.0335305795027 -9.97765253663 0.000185737931016 3.7140604833e-05 0.000334335265326
0.277819195837 -0.0383178594103 -10.0351294971 0.000185737931016 1.85703024165e-05 0.000390063634129
0.273031915929 -0.0574767913995 -9.9920249927 0.000222896001466 1.85703024165e-05 0.000334335265326
0.244288611766 -0.0143716497975 -9.98722793698 0.000222896001466 3.7140604833e-05 0.000352905579934
0.287403568011 -0.0191589297052 -9.99681152344 0.000222896001466 7.42986671552e-05 0.000352905579934
0.273031915929 -0.00478727990761 -9.99681152344 0.000241466299818 1.85703024165e-05 0.000297194668621
0.301775220092 -0.0335305795027 -9.96328125 0.000167167632663 7.42986671552e-05 0.000352905579934
0.258660263848 0.0 -10.0063962793 0.00014859733431 1.85703024165e-05 0.000334335265326
0.3065625 -0.00478727990761 -10.0015992236 0.000222896001466 3.7140604833e-05 0.000297194668621
0.25387298394 -0.0383178594103 -9.9728660059 0.000204308245624 3.7140604833e-05 0.000334335265326
0.287403568011 -0.0335305795027 -9.98244023681 0.000185737931016 1.85703024165e-05 0.000334335265326
0.282616288103 0.0143716497975 -10.0015992236 0.000204308245624 3.7140604833e-05 0.000352905579934
0.301775220092 -0.0431149516767 -10.0063962793 0.000204308245624 5.57283647387e-05 0.000352905579934
0.287403568011 -0.0335305795027 -10.0015992236 0.000222896001466 5.57283647387e-05 0.000371493319521
0.296978127826 -0.0143716497975 -9.98722793698 0.000185737931016 7.42986671552e-05 0.000371493319521
0.282616288103 -0.0287432995951 -9.96806895018 0.000222896001466 0.0 0.000334335265326
0.273031915929 -0.00478727990761 -9.93933456302 0.000241466299818 1.85703024165e-05 0.000371493319521
0.277819195837 0.0143716497975 -10.0159705102 0.000204308245624 1.85703024165e-05 0.000334335265326
0.258660263848 -0.0287432995951 -10.0015992236 0.000241466299818 9.2868965508e-05 0.000315764983228
0.258660263848 -0.0287432995951 -9.95849354982 0.000204308245624 3.7140604833e-05 0.000352905579934
0.292190847918 0.00478727990761 -9.96806895018 0.000204308245624 3.7140604833e-05 0.000352905579934
0.263447543755 -0.0287432995951 -9.9728660059 0.000241466299818 3.7140604833e-05 0.000315764983228
0.287403568011 -0.0622738790978 -9.99681152344 0.000222896001466 5.57283647387e-05 0.000352905579934
0.25387298394 0.00958436988993 -9.96806895018 0.000204308245624 3.7140604833e-05 0.000334335265326
0.301775220092 -0.0191589297052 -9.94412226319 0.000167167632663 7.42986671552e-05 0.000352905579934
0.268244636022 -0.0191589297052 -10.0015992236 0.000185737931016 3.7140604833e-05 0.000297194668621
0.287403568011 -0.0287432995951 -10.0159705102 0.000204308245624 5.57283647387e-05 0.000352905579934
0.249085704032 -0.0431149516767 -9.99681152344 0.000185737931016 3.7140604833e-05 0.000315764983228
0.268244636022 -0.0239462096128 -9.9728660059 0.000222896001466 7.42986671552e-05 0.000371493319521
0.263447543755 -0.0383178594103 -9.9728660059 0.000185737931016 3.7140604833e-05 0.000352905579934
0.287403568011 -0.0431149516767 -10.0255552661 0.000185737931016 5.57283647387e-05 0.000352905579934
0.263447543755 0.0143716497975 -9.94412226319 0.000222896001466 3.7140604833e-05 0.000297194668621
0.292190847918 -0.0287432995951 -9.9728660059 0.000222896001466 5.57283647387e-05 0.000334335265326
0.249085704032 -0.0143716497975 -9.96806895018 0.000241466299818 3.7140604833e-05 0.000390063634129
0.31134979818 -0.0239462096128 -10.0207582104 0.000204308245624 5.57283647387e-05 0.000334335265326
0.258660263848 -0.00958436988993 -9.96328125 0.000204308245624 3.7140604833e-05 0.000371493319521
0.292190847918 -0.0383178594103 -9.93933456302 0.000204308245624 3.7140604833e-05 0.000315764983228
0.292190847918 -0.0239462096128 -10.0255552661 0.00014859733431 5.57283647387e-05 0.000390063634129
0.287403568011 0.0143716497975 -9.98244023681 0.000204308245624 5.57283647387e-05 0.000352905579934
0.277819195837 -0.0287432995951 -9.96806895018 0.000185737931016 -1.85703024165e-05 0.000408633948736
0.282616288103 -0.0479022315843 -9.94890996337 0.000204308245624 3.7140604833e-05 0.000371493319521
0.258660263848 -0.0239462096128 -9.96328125 0.000222896001466 0.0 0.000315764983228
0.282616288103 -0.00958436988993 -9.9536964941 0.000241466299818 3.7140604833e-05 0.000315764983228
0.277819195837 -0.0431149516767 -10.0015992236 0.000185737931016 1.85703024165e-05 0.000315764983228
0.282616288103 -0.0622738790978 -9.9345375073 0.000185737931016 7.42986671552e-05 0.000334335265326
0.273031915929 0.0 -9.9920249927 0.000185737931016 7.42986671552e-05 0.000390063634129
0.273031915929 -0.0287432995951 -9.95849354982 0.000204308245624 3.7140604833e-05 0.000352905579934
0.258660263848 -0.00958436988993 -9.9920249927 0.000167167632663 5.57283647387e-05 0.000352905579934
0.292190847918 -0.0622738790978 -10.0111839795 0.000241466299818 7.42986671552e-05 0.000371493319521
0.220342418142 0.00958436988993 -9.9920249927 0.000222896001466 1.85703024165e-05 0.000371493319521
0.292190847918 -0.0143716497975 -9.99681152344 0.000204308245624 7.42986671552e-05 0.000352905579934
0.258660263848 -0.0143716497975 -10.0015992236 0.000167167632663 3.7140604833e-05 0.000334335265326
0.273031915929 -0.0670611590054 -9.9345375073 0.000185737931016 3.7140604833e-05 0.000315764983228
0.273031915929 -0.00478727990761 -9.98244023681 0.000204308245624 5.57283647387e-05 0.000352905579934
0.3065625 -0.0383178594103 -9.9536964941 0.000241466299818 1.85703024165e-05 0.000352905579934
0.268244636022 -0.0191589297052 -10.0015992236 0.00014859733431 5.57283647387e-05 0.000352905579934
0.282616288103 -0.0191589297052 -9.9536964941 0.000167167632663 5.57283647387e-05 0.000352905579934
0.273031915929 0.0287432995951 -9.9920249927 0.000222896001466 3.7140604833e-05 0.000390063634129
0.287403568011 -0.0574767913995 -10.0015992236 0.000185737931016 3.7140604833e-05 0.000371493319521
0.268244636022 -0.00958436988993 -10.0015992236 0.000185737931016 3.7140604833e-05 0.000390063634129
0.3065625 -0.00478727990761 -9.9345375073 0.000222896001466 5.57283647387e-05 0.000352905579934
0.273031915929 0.00958436988993 -10.0063962793 0.000167167632663 3.7140604833e-05 0.000390063634129
0.31134979818 -0.0479022315843 -9.97765253663 0.000185737931016 9.2868965508e-05 0.000334335265326
0.244288611766 -0.0335305795027 -9.99681152344 0.00014859733431 9.2868965508e-05 0.000334335265326
0.301775220092 -0.00958436988993 -9.96806895018 0.000204308245624 5.57283647387e-05 0.000315764983228
0.244288611766 -0.0335305795027 -10.0111839795 0.000241466299818 3.7140604833e-05 0.000390063634129
0.296978127826 -0.0335305795027 -10.0447142529 0.000185737931016 7.42986671552e-05 0.000334335265326
0.258660263848 -0.00958436988993 -10.0255552661 0.000222896001466 3.7140604833e-05 0.000315764983228
0.282616288103 -0.0383178594103 -10.0015992236 0.000204308245624 9.2868965508e-05 0.000297194668621
0.258660263848 0.0 -9.98722793698 0.000222896001466 1.85703024165e-05 0.000390063634129
0.287403568011 -0.0383178594103 -9.95849354982 0.000185737931016 1.85703024165e-05 0.000315764983228
0.273031915929 -0.0335305795027 -9.98722793698 0.000185737931016 5.57283647387e-05 0.000334335265326
0.296978127826 -0.0335305795027 -9.9728660059 0.000204308245624 7.42986671552e-05 0.000352905579934
0.273031915929 -0.0431149516767 -9.97765253663 0.000167167632663 5.57283647387e-05 0.000352905579934
0.263447543755 -0.0143716497975 -9.9345375073 0.000167167632663 9.2868965508e-05 0.000297194668621
0.268244636022 -0.0191589297052 -9.94412226319 0.000204308245624 1.85703024165e-05 0.000371493319521
0.268244636022 -0.0622738790978 -9.98722793698 0.000185737931016 5.57283647387e-05 0.000352905579934
0.263447543755 -0.00958436988993 -9.9345375073 0.000167167632663 0.0 0.000334335265326
0.31134979818 -0.0239462096128 -9.99681152344 0.000204308245624 5.57283647387e-05 0.000315764983228
0.277819195837 -0.00478727990761 -9.98722793698 0.000204308245624 3.7140604833e-05 0.000352905579934
0.3065625 -0.0287432995951 -9.94890996337 0.000185737931016 0.000111439271988 0.000390063634129
0.239501331858 -0.0287432995951 -9.98244023681 0.000185737931016 0.000111439271988 0.000315764983228
0.296978127826 0.0191589297052 -9.94412226319 0.000222896001466 0.0 0.000371493319521
0.296978127826 -0.00958436988993 -9.9728660059 0.000222896001466 0.0 0.000334335265326
0.277819195837 -0.0431149516767 -10.0015992236 0.000167167632663 7.42986671552e-05 0.000315764983228
0.287403568011 0.0143716497975 -9.97765253663 0.000167167632663 7.42986671552e-05 0.000371493319521
0.287403568011 0.0 -9.97765253663 0.000185737931016 5.57283647387e-05 0.000278606896524
0.263447543755 -0.0287432995951 -10.0207582104 0.000185737931016 5.57283647387e-05 0.000352905579934
0.287403568011 -0.0383178594103 -9.9920249927 0.000167167632663 7.42986671552e-05 0.000352905579934
0.263447543755 -0.00958436988993 -9.98722793698 0.000222896001466 1.85703024165e-05 0.000352905579934
0.277819195837 -0.00958436988993 -9.97765253663 0.000185737931016 1.85703024165e-05 0.000371493319521
0.258660263848 -0.0143716497975 -10.0734474707 0.000185737931016 7.42986671552e-05 0.000352905579934
0.258660263848 0.0143716497975 -9.98244023681 0.000185737931016 0.0 0.000371493319521
0.273031915929 0.00478727990761 -10.0063962793 0.000222896001466 3.7140604833e-05 0.000390063634129
0.287403568011 -0.0335305795027 -9.92975097656 0.000185737931016 7.42986671552e-05 0.000297194668621
0.268244636022 0.00478727990761 -9.98244023681 0.000185737931016 5.57283647387e-05 0.000334335265326
0.277819195837 -0.0143716497975 -10.0159705102 0.000204308245624 9.2868965508e-05 0.000315764983228
0.282616288103 -0.0143716497975 -10.0255552661 0.000241466299818 0.0 0.000408633948736
0.287403568011 -0.0526895114919 -9.99681152344 0.000167167632663 3.7140604833e-05 0.000334335265326
0.282616288103 0.0143716497975 -9.96806895018 0.000185737931016 5.57283647387e-05 0.000352905579934
0.292190847918 0.0 -9.92016622066 0.000204308245624 9.2868965508e-05 0.000371493319521
0.277819195837 -0.0383178594103 -10.0015992236 0.000167167632663 5.57283647387e-05 0.000371493319521
0.287403568011 -0.0239462096128 -10.0207582104 0.000222896001466 5.57283647387e-05 0.000334335265326
0.25387298394 0.00478727990761 -10.0159705102 0.000204308245624 3.7140604833e-05 0.000334335265326
0.3065625 -0.0191589297052 -9.9536964941 0.000222896001466 9.2868965508e-05 0.000371493319521
0.258660263848 -0.00478727990761 -10.0015992236 0.000222896001466 3.7140604833e-05 0.000390063634129
0.296978127826 -0.0383178594103 -10.0495007837 0.000204308245624 7.42986671552e-05 0.000315764983228
0.268244636022 -0.00478727990761 -10.0063962793 0.000204308245624 3.7140604833e-05 0.000352905579934
0.263447543755 -0.0143716497975 -9.97765253663 0.000185737931016 0.000111439271988 0.000297194668621
0.320934152082 0.00958436988993 -9.98244023681 0.000167167632663 3.7140604833e-05 0.000352905579934
0.316146853901 -0.0431149516767 -10.0015992236 0.000260036598171 3.7140604833e-05 0.000352905579934
0.268244636022 -0.0526895114919 -9.98244023681 0.00013002702783 5.57283647387e-05 0.000352905579934
0.292190847918 -0.00958436988993 -10.0255552661 0.000185737931016 0.000111439271988 0.000371493319521
0.258660263848 0.0431149516767 -9.9920249927 0.000204308245624 5.57283647387e-05 0.000352905579934
0.273031915929 -0.0431149516767 -10.0015992236 0.000204308245624 5.57283647387e-05 0.000315764983228
0.277819195837 -0.0383178594103 -9.94890996337 0.000167167632663 5.57283647387e-05 0.000334335265326
0.282616288103 -0.00958436988993 -9.9728660059 0.000204308245624 3.7140604833e-05 0.000352905579934
0.263447543755 0.00478727990761 -10.0063962793 0.000222896001466 -1.85703024165e-05 0.000352905579934
0.287403568011 -0.0526895114919 -9.96328125 0.000185737931016 5.57283647387e-05 0.000334335265326
0.277819195837 0.0143716497975 -9.96328125 0.000167167632663 1.85703024165e-05 0.000334335265326
0.282616288103 -0.0191589297052 -10.0111839795 0.000204308245624 9.2868965508e-05 0.000334335265326
0.277819195837 -0.0431149516767 -9.9920249927 0.000222896001466 1.85703024165e-05 0.000390063634129
0.273031915929 -0.0191589297052 -10.0207582104 0.000167167632663 3.7140604833e-05 0.000297194668621
0.258660263848 0.00958436988993 -10.0015992236 0.000167167632663 3.7140604833e-05 0.000408633948736
0.31134979818 -0.0383178594103 -9.9920249927 0.000241466299818 7.42986671552e-05 0.000352905579934
0.25387298394 -0.0287432995951 -9.97765253663 0.00014859733431 7.42986671552e-05 0.000390063634129
0.296978127826 -0.00478727990761 -9.95849354982 0.000204308245624 7.42986671552e-05 0.000315764983228
0.273031915929 0.00478727990761 -9.99681152344 0.000222896001466 3.7140604833e-05 0.000352905579934
0.31134979818 -0.0431149516767 -10.0111839795 0.000185737931016 7.42986671552e-05 0.000334335265326
0.296978127826 -0.0479022315843 -10.0159705102 0.000167167632663 0.0 0.000390063634129
0.301775220092 -0.0191589297052 -9.92975097656 0.000241466299818 1.85703024165e-05 0.000352905579934
0.273031915929 -0.0287432995951 -9.98722793698 0.000204308245624 5.57283647387e-05 0.000352905579934
0.273031915929 -0.0383178594103 -10.0111839795 0.000167167632663 7.42986671552e-05 0.000315764983228
0.263447543755 -0.0383178594103 -10.0015992236 0.000204308245624 3.7140604833e-05 0.000334335265326
0.277819195837 -0.0239462096128 -9.92496327639 0.000222896001466 7.42986671552e-05 0.000334335265326
0.268244636022 -0.0431149516767 -9.9920249927 0.00013002702783 0.0 0.000390063634129
0.287403568011 -0.0287432995951 -9.9728660059 0.000185737931016 5.57283647387e-05 0.000297194668621
0.296978127826 -0.0143716497975 -9.98244023681 0.000167167632663 5.57283647387e-05 0.000352905579934
0.268244636022 -0.0431149516767 -9.97765253663 0.000222896001466 1.85703024165e-05 0.000315764983228
0.258660263848 -0.0431149516767 -9.92496327639 0.000185737931016 5.57283647387e-05 0.000390063634129
0.273031915929 -0.0287432995951 -9.9728660059 0.000185737931016 7.42986671552e-05 0.000297194668621
0.287403568011 -0.00958436988993 -9.96328125 0.00014859733431 3.7140604833e-05 0.000371493319521
0.249085704032 -0.0287432995951 -9.98722793698 0.000185737931016 7.42986671552e-05 0.000334335265326
0.31134979818 -0.00478727990761 -9.9728660059 0.000222896001466 5.57283647387e-05 0.000334335265326
0.268244636022 -0.00958436988993 -9.99681152344 0.000167167632663 5.57283647387e-05 0.000352905579934
0.273031915929 -0.00958436988993 -10.0015992236 0.000204308245624 3.7140604833e-05 0.000371493319521
0.244288611766 -0.0335305795027 -9.99681152344 0.000204308245624 5.57283647387e-05 0.000334335265326
0.282616288103 -0.00958436988993 -9.9728660059 0.000167167632663 3.7140604833e-05 0.000390063634129
0.277819195837 0.0239462096128 -9.96328125 0.000185737931016 5.57283647387e-05 0.000334335265326
0.268244636022 -0.0335305795027 -9.93933456302 0.000222896001466 3.7140604833e-05 0.000352905579934
0.296978127826 -0.0383178594103 -9.98722793698 0.00014859733431 5.57283647387e-05 0.000278606896524
0.282616288103 -0.00958436988993 -10.0015992236 0.000167167632663 3.7140604833e-05 0.000371493319521
0.268244636022 0.0191589297052 -9.99681152344 0.000185737931016 3.7140604833e-05 0.000334335265326
0.287403568011 -0.0287432995951 -9.96328125 0.000241466299818 3.7140604833e-05 0.000371493319521
0.287403568011 -0.0191589297052 -10.0207582104 0.000204308245624 9.2868965508e-05 0.000334335265326
0.277819195837 -0.00958436988993 -9.96806895018 0.000204308245624 5.57283647387e-05 0.000334335265326
0.292190847918 -0.0335305795027 -9.96328125 0.000204308245624 5.57283647387e-05 0.000334335265326
0.277819195837 -0.0479022315843 -9.98722793698 0.000222896001466 7.42986671552e-05 0.000390063634129
0.296978127826 -0.0143716497975 -10.0255552661 0.00014859733431 5.57283647387e-05 0.000352905579934
0.268244636022 0.0 -9.98722793698 0.000167167632663 5.57283647387e-05 0.000334335265326
0.287403568011 -0.0479022315843 -9.9920249927 0.000167167632663 3.7140604833e-05 0.000352905579934
0.263447543755 -0.0622738790978 -9.96328125 0.000185737931016 0.0 0.000315764983228
0.301775220092 0.0 -9.9920249927 0.000222896001466 7.42986671552e-05 0.000371493319521
0.296978127826 -0.00958436988993 -9.98722793698 0.000222896001466 0.0 0.000334335265326
0.325721413717 -0.0910073709022 -9.9920249927 0.000204308245624 0.000111439271988 0.000334335265326
0.20597076606 0.0383178594103 -10.0495007837 0.000167167632663 -5.57283647387e-05 0.000408633948736
0.301775220092 -0.0574767913995 -9.89143300295 0.000185737931016 0.000111439271988 0.000260036598171
