0.35446471788 0.0 -10.0015992236 0.000185737931016 1.85703024165e-05 0.000371493319521
0.320934152082 0.0239462096128 -10.0063962793 0.000204308245624 5.57283647387e-05 0.000352905579934
0.344880363978 0.100591743076 -9.95849354982 0.000167167632663 1.85703024165e-05 0.000334335265326
0.368836369962 0.100591743076 -9.94412226319 0.000241466299818 9.2868965508e-05 0.000334335265326
0.35446471788 0.0 -9.96806895018 0.000167167632663 5.57283647387e-05 0.000390063634129
0.368836369962 0.0958044631686 -10.0063962793 0.000185737931016 3.7140604833e-05 0.000297194668621
0.397569880038 0.0431149516767 -9.93933456302 0.000222896001466 9.2868965508e-05 0.000334335265326
0.277819195837 0.0431149516767 -10.0063962793 0.000241466299818 1.85703024165e-05 0.000390063634129
0.392782581858 0.0335305795027 -9.93933456302 0.00014859733431 9.2868965508e-05 0.000352905579934
0.330508711897 0.100591743076 -9.89621953368 0.000204308245624 7.42986671552e-05 0.000371493319521
0.397569880038 -0.0287432995951 -9.95849354982 0.000222896001466 3.7140604833e-05 0.000352905579934
0.316146853901 0.0670611590054 -9.9345375073 0.000185737931016 7.42986671552e-05 0.000371493319521
0.416728793755 0.0958044631686 -9.98244023681 0.000167167632663 -7.42986671552e-05 0.000352905579934
0.316146853901 0.0287432995951 -10.0255552661 0.000278606896524 3.7140604833e-05 0.000315764983228
0.344880363978 0.0 -10.0063962793 0.000222896001466 -1.85703024165e-05 0.000371493319521
0.325721413717 0.0670611590054 -10.0399171972 0.000167167632663 7.42986671552e-05 0.000278606896524
0.378410929777 0.0862200909946 -9.96328125 0.000222896001466 9.2868965508e-05 0.000371493319521
0.296978127826 0.0191589297052 -9.9920249927 0.000185737931016 9.2868965508e-05 0.000315764983228
0.378410929777 0.071848438913 -9.90580428958 0.00014859733431 -1.85703024165e-05 0.000371493319521
0.387995320223 0.0958044631686 -9.92016622066 0.000241466299818 0.000111439271988 0.000315764983228
0.35925201606 0.0143716497975 -9.98244023681 0.000241466299818 5.57283647387e-05 0.000390063634129
0.35446471788 0.0287432995951 -9.97765253663 0.000204308245624 3.7140604833e-05 0.000334335265326
0.344880363978 0.0574767913995 -10.0063962793 0.000185737931016 1.85703024165e-05 0.000371493319521
0.368836369962 0.0526895114919 -9.94890996337 0.000241466299818 7.42986671552e-05 0.000278606896524
0.330508711897 0.0335305795027 -9.96806895018 0.000222896001466 5.57283647387e-05 0.000352905579934
0.340093065798 0.0670611590054 -9.99681152344 0.00014859733431 7.42986671552e-05 0.000352905579934
0.344880363978 0.071848438913 -9.98244023681 0.000204308245624 9.2868965508e-05 0.000371493319521
0.35925201606 0.0335305795027 -10.0063962793 0.000222896001466 7.42986671552e-05 0.000352905579934
0.35925201606 0.0335305795027 -10.0063962793 0.000185737931016 0.0 0.000352905579934
0.344880363978 0.0622738790978 -9.96328125 0.00014859733431 0.0 0.000334335265326
0.330508711897 0.0574767913995 -9.98244023681 0.000167167632663 7.42986671552e-05 0.000352905579934
0.335305804163 0.0526895114919 -9.9920249927 0.000204308245624 9.2868965508e-05 0.000352905579934
0.335305804163 0.0431149516767 -9.94412226319 0.000185737931016 7.42986671552e-05 0.000334335265326
0.344880363978 0.0574767913995 -9.94412226319 0.000204308245624 0.00013002702783 0.000352905579934
0.364039277695 0.0383178594103 -9.98722793698 0.000297194668621 5.57283647387e-05 0.000371493319521
0.320934152082 0.0431149516767 -9.9536964941 0.000185737931016 1.85703024165e-05 0.000352905579934
0.35446471788 0.0526895114919 -9.9728660059 0.000222896001466 5.57283647387e-05 0.000371493319521
0.320934152082 0.0383178594103 -10.0015992236 0.000222896001466 3.7140604833e-05 0.000334335265326
0.340093065798 0.0335305795027 -9.97765253663 0.000222896001466 7.42986671552e-05 0.000334335265326
0.340093065798 0.0431149516767 -9.92496327639 0.000204308245624 5.57283647387e-05 0.000390063634129
0.335305804163 0.0335305795027 -9.98244023681 0.00014859733431 3.7140604833e-05 0.000297194668621
0.35925201606 0.0479022315843 -9.96806895018 0.000222896001466 3.7140604833e-05 0.000371493319521
0.344880363978 0.0143716497975 -9.94412226319 0.000204308245624 9.2868965508e-05 0.000315764983228
0.35446471788 0.0574767913995 -9.93933456302 0.00014859733431 1.85703024165e-05 0.000334335265326
0.35925201606 0.071848438913 -9.9728660059 0.000241466299818 5.57283647387e-05 0.000352905579934
0.31134979818 0.0383178594103 -9.99681152344 0.000260036598171 3.7140604833e-05 0.000371493319521
0.330508711897 0.00478727990761 -9.98244023681 0.000185737931016 5.57283647387e-05 0.000334335265326
0.296978127826 0.0383178594103 -9.9728660059 0.000167167632663 3.7140604833e-05 0.000390063634129
0.349677456245 0.0526895114919 -9.92975097656 0.00014859733431 5.57283647387e-05 0.000315764983228
0.316146853901 0.0766357188206 -9.94890996337 0.000185737931016 1.85703024165e-05 0.000390063634129
0.368836369962 0.0143716497975 -9.9728660059 0.000167167632663 7.42986671552e-05 0.000352905579934
0.35446471788 0.071848438913 -10.0015992236 0.000185737931016 1.85703024165e-05 0.000334335265326
0.368836369962 0.0622738790978 -9.9728660059 0.000260036598171 7.42986671552e-05 0.000371493319521
0.340093065798 0.0143716497975 -10.0015992236 0.000222896001466 1.85703024165e-05 0.000390063634129
0.349677456245 0.0335305795027 -9.98244023681 0.00013002702783 -1.85703024165e-05 0.000390063634129
0.320934152082 0.0862200909946 -10.0255552661 0.000185737931016 1.85703024165e-05 0.000334335265326
0.378410929777 0.0383178594103 -9.95849354982 0.000241466299818 9.2868965508e-05 0.000334335265326
0.335305804163 0.0622738790978 -10.0207582104 0.000167167632663 3.7140604833e-05 0.000371493319521
0.340093065798 0.071848438913 -9.93933456302 0.000185737931016 3.7140604833e-05 0.000371493319521
0.316146853901 0.0574767913995 -9.96328125 0.000222896001466 1.85703024165e-05 0.000352905579934
0.373623668142 0.071848438913 -10.0063962793 0.000222896001466 3.7140604833e-05 0.000371493319521
0.378410929777 0.0526895114919 -9.94890996337 0.000222896001466 1.85703024165e-05 0.000334335265326
0.316146853901 0.0143716497975 -9.95849354982 0.000222896001466 9.2868965508e-05 0.000352905579934
0.387995320223 0.0431149516767 -9.94890996337 0.000204308245624 1.85703024165e-05 0.000278606896524
0.373623668142 0.0670611590054 -9.96328125 0.000222896001466 5.57283647387e-05 0.000371493319521
0.340093065798 0.0287432995951 -9.9728660059 0.000167167632663 1.85703024165e-05 0.000334335265326
0.35446471788 0.0383178594103 -9.9728660059 0.000167167632663 3.7140604833e-05 0.000334335265326
0.368836369962 0.0670611590054 -10.0686597705 0.000185737931016 1.85703024165e-05 0.000352905579934
0.368836369962 0.00478727990761 -9.99681152344 0.000260036598171 3.7140604833e-05 0.000352905579934
0.258660263848 0.0191589297052 -10.0495007837 0.000204308245624 3.7140604833e-05 0.000371493319521
0.397569880038 0.0622738790978 -9.9536964941 0.00014859733431 -1.85703024165e-05 0.000241466299818
0.35925201606 0.0670611590054 -9.96328125 0.000222896001466 5.57283647387e-05 0.000334335265326
0.368836369962 -0.00478727990761 -9.97765253663 0.000241466299818 7.42986671552e-05 0.000352905579934
0.320934152082 0.0766357188206 -9.95849354982 0.00014859733431 5.57283647387e-05 0.000334335265326
0.426313184202 0.138909597918 -9.9536964941 0.000111439271988 9.2868965508e-05 0.000352905579934
0.349677456245 0.0335305795027 -9.91059198976 0.000297194668621 9.2868965508e-05 0.000334335265326
0.340093065798 -0.0479022315843 -9.97765253663 0.000185737931016 3.7140604833e-05 0.000371493319521
0.325721413717 0.100591743076 -10.0495007837 0.00014859733431 0.0 0.000352905579934
0.292190847918 0.0479022315843 -9.93933456302 0.000260036598171 9.2868965508e-05 0.000315764983228
0.325721413717 0.0431149516767 -10.0207582104 0.000260036598171 -1.85703024165e-05 0.000352905579934
0.340093065798 -0.0526895114919 -10.0063962793 0.000185737931016 3.7140604833e-05 0.000315764983228
-1.22625 0.263447543755 -8.74661542118 -0.000204308245624 0.000761539496161 0.000334335265326
-11.1991160059 -3.7649701184 -3.98052509218 0.00490358956974 0.00958430064427 -0.0498160968268
0.498161613978 -4.44994365782 -6.70125997066 0.0012259018137 0.000427204230834 -0.0294215904736
-4.41641309202 -0.277819195837 -3.84161571354 0.000780109843278 -0.00362197710481 -0.022140478925
-2.40938511685 -3.70749315798 -9.03400957882 0.00282327948943 1.85703024165e-05 -0.0399903265343
-1.05859709792 -3.92303848386 -9.40763321042 0.00254467252789 -0.00442067472018 -0.0265239963062
-8.16702127934 1.0059076184 -8.58375 0.000984435481372 -0.00239607516107 -0.0290686675337
-7.0509375 -0.632283913717 -8.09996014774 0.000185737931016 -0.00310190387595 -0.0311118384803
-8.44005292118 -0.00958436988993 -8.89509961545 -7.42986671552e-05 -0.00364054745192 -0.0282513995712
-7.63531934202 -0.622709390447 -8.25802851319 0.000557231283047 -0.00224747805432 -0.0300345336433
-6.70125997066 -1.42264613315 -9.20166211545 0.00120733146658 -0.00219176701297 -0.0306846341519
-7.22337773681 2.15072476164 -9.11544199705 -0.000705828584848 -0.00367770531106 -0.0274341316087
-6.84017928958 2.64409922361 -9.89621953368 -0.000352905579934 -0.00347337973799 -0.0303131398246
-7.58262949705 2.05013306424 -9.23999002934 -0.00130020049711 -0.00464355321539 -0.0277498972097
-7.73591074705 2.35669556424 -9.87227401614 -0.000538660968439 -0.00419777853991 -0.0288086306592
-8.47837089479 1.8058444342 -9.67109062135 -0.00061294219436 -0.00490358956974 -0.0289758001937
-2.09324794739 3.50630976319 -8.86636639774 0.0 -0.00135591140842 -0.0280656628106
-2.52913565487 3.3721875 -9.9345375073 -0.000650100248555 -0.0023217766077 -0.0268026191323
-3.29075478941 3.7985006842 -9.63755976319 -0.000817267897472 -0.00195030074566 -0.0273412642687
-4.12900928646 3.48715077639 -9.65671875 -0.000817267897472 -0.00263754168845 -0.0274155623019
-4.79962089479 3.10394297361 -9.9728660059 -0.000445774545442 -0.00260040099422 -0.0289015000799
-5.23550860226 2.18425532743 -9.98722793698 -0.000835838179571 -0.0038262852529 -0.0279170646635
3.53984032899 2.60099384218 -10.8254917896 0.000984435481372 0.00152307899232 -0.0266540230658
2.97461776614 3.54462773681 -10.3895947266 0.000520073196343 0.0010773045119 -0.0267283210991
1.52322818264 3.7122805658 -9.5034375 0.000520073196343 0.000241466299818 -0.0273598502203
0.210758045968 3.62606044739 -10.2411000073 0.000111439271988 -0.000724398931964 -0.0268026191323
0.632283913717 3.47277919739 -10.1213502002 5.57283647387e-05 -0.00124447216082 -0.0267468924865
9.5704986316 1.59028931424 -11.9655222559 0.0024332158553 0.00378914481874 -0.0275455890616
9.29267928958 1.23583431736 -11.6829052734 0.00222890770721 0.00380771490578 -0.0267840498255
8.36819473386 1.9591256842 -12.2145972705 0.00191314262645 0.00332478237117 -0.0263011167707
7.7311236316 1.90164886996 -11.8601332104 0.00185743171514 0.00310190387595 -0.0260967919779
7.1371576184 1.9255951184 -12.2720847559 0.00189457240937 0.00241464550819 -0.0270440867
9.89621953368 -0.81430846788 -10.2123667896 0.00254467252789 0.00401204073893 -0.0278427666303
10.4806019604 0.0287432995951 -10.8398537207 0.00235893472691 0.00456925466202 -0.0272855521871
10.3416919971 0.804724077433 -10.4901867163 0.00211746832956 0.00468071107453 -0.0265239963062
10.3225330102 0.929271890447 -10.4758142602 0.00252610218077 0.00477357997502 -0.0279913626967
9.56571151614 0.258660263848 -10.5285035205 0.00267468212261 0.00412347998654 -0.0270626560068
9.86747696042 0.843041977957 -11.2230615234 0.00219176701297 0.00482930870143 -0.0265982943394
5.18761639774 -1.5663430658 -10.1500927734 0.00146736808101 0.0034919500851 -0.028177101538
6.24141622066 -1.11608370624 -10.1644652295 0.00204316964615 0.00371484600529 -0.029663039316
6.78269297361 -1.29809839323 -9.77646914184 0.00208031034039 0.00373341635241 -0.0284557264447
7.83650273681 -1.16877318576 -10.5620349634 0.00221033736009 0.00416062068077 -0.0289758001937
8.71308514774 -0.656239956245 -9.5896576184 0.00206173999327 0.00406775152021 -0.027601317788
-2.37106714323 -2.65368339479 -9.92975097656 0.00130020049711 0.000352905579934 -0.0316133408418
-0.771193511635 -1.99265625 -9.97765253663 0.0012630423779 0.00120733146658 -0.0294958718621
-0.273031915929 -1.70525273681 -10.0830322266 0.0013930693976 0.00170883447835 -0.0304803072784
0.45505645182 -2.04534580261 -10.1165625 0.00141163974472 0.00182027372596 -0.0297744967688
1.63819145903 -1.92080785677 -10.1500927734 0.00174597504255 0.00213603867668 -0.0311489958192
-7.16590077639 -4.04758651614 -9.84831797361 -0.00013002702783 -0.00235893472691 -0.029997392949
-6.71084414184 -3.44882315487 -10.092615813 0.000185737931016 -0.00163453579494 -0.0309446710264
-6.10730389774 -2.73511639774 -9.88663594723 0.000241466299818 -0.00115160313029 -0.029848794802
-5.99712773681 -2.98419228941 -9.8195847559 0.000984435481372 -0.000891566515864 -0.0324306088043
-4.50263291806 -3.04167889774 -10.0111839795 0.000724398931964 -0.000594371847243 -0.0304617379716
-8.3634076184 -1.7723138684 -10.2554724634 -0.000817267897472 -0.00456925466202 -0.0303874399384
-7.87482071042 -2.11719419584 -9.60881660521 -0.00102157611059 -0.00412347998654 -0.0284742957515
-8.63643926024 -2.60578125 -9.8195847559 -0.000167167632663 -0.00380771490578 -0.0314090326937
-7.91314803958 -3.21411884218 -9.60881660521 -0.000408633948736 -0.00323191347068 -0.0296816273481
-7.88919199705 -3.62127333194 -9.65671875 -0.00014859733431 -0.00328764167693 -0.0308146421862
-7.56347051024 -3.90387978941 -9.56091446042 -0.000241466299818 -0.00300901755048 -0.029440161861
-5.76721053958 0.0910073709022 -12.5259474707 -0.00128163014999 -0.00419777853991 -0.0298302254952
-5.98275586545 0.469428103901 -12.0134144604 -0.00163453579494 -0.00404918143317 -0.0274155623019
-6.86412539184 0.3065625 -11.5727296972 -0.0012630423779 -0.003844873025 -0.0295887579275
-7.12757344723 -0.704132380038 -10.6338832104 -0.00135591140842 -0.00417920845287 -0.0281028201495
-7.77422872066 -1.30288565487 -10.8254917896 -0.000742969214063 -0.00458784217404 -0.030517466698
-1.24540898681 1.61424535677 -9.56571151614 -0.00143021009183 -0.00170883447835 -0.0263382574649
-1.5998736316 1.32684169739 -10.2123667896 -0.000965865199274 -0.00204316964615 -0.0279913626967
-2.56746327639 1.3124701184 -10.9596046972 -0.0012630423779 -0.00284184983655 -0.0267283210991
-3.65480389774 0.225129698049 -11.8649302661 -0.000854408461669 -0.0033805108375 -0.029663039316
-3.80328809202 0.416728793755 -12.3774632764 -0.00167167635914 -0.00358481898559 -0.0269883579736
2.59619678646 2.48124315798 -9.46032247066 0.00068724087777 0.00178313303173 -0.0272669641549
1.86811830416 3.7458111316 -8.12869336545 0.000297194668621 0.00130020049711 -0.0255209895024
1.03465092257 2.50997666806 -8.18138321042 0.000872996233766 0.000501502914244 -0.0287529040134
0.3065625 2.54350723386 -8.26281562865 -0.00014859733431 0.00013002702783 -0.0262639594317
0.0239462096128 1.63340419739 -8.70828809202 -0.000464362285029 -0.000631529966456 -0.0280285221163
-0.46463104818 2.15072476164 -8.70350039184 -0.0010773045119 -0.000965865199274 -0.0262639594317
4.50743026614 1.78189818576 -10.9787730396 0.00258181322212 0.00458784217404 -0.0276384584822
4.30145946354 2.13635318264 -11.4146607471 0.00209888055747 0.0044392450673 -0.0254281200818
3.54941485226 1.4130618158 -10.9452427661 0.00228463591346 0.00345480939087 -0.0272669641549
3.09436815798 2.19383979097 -10.7009437573 0.00141163974472 0.00310190387595 -0.0257624549895
2.97461776614 2.18425532743 -10.245897063 0.00143021009183 0.00271184024182 -0.0280656628106
7.12757344723 1.17356052049 -7.24253672361 0.00332478237117 0.00635238769375 -0.0254466914692
6.03544571042 1.48969761685 -7.44850723386 0.00343623904375 0.00592518336538 -0.0272483948481
5.88216446042 1.48012294739 -8.23886952639 0.00336194049038 0.00601805226587 -0.0257624549895
5.17803164184 0.81430846788 -8.61728085816 0.0034919500851 0.00572085753223 -0.0282328302644
6.01628672361 1.12087096788 -9.51780937135 0.00260040099422 0.00577658625864 -0.0253724100808
6.24621327639 -0.972376979515 -8.94778946042 0.0028975780428 0.00468071107453 -0.0282513995712
6.73000312865 -0.397569880038 -8.84241035521 0.00321334312356 0.00520078430338 -0.0265054249188
6.09293202639 -0.31134979818 -8.44962773681 0.00369627565818 0.00546082117788 -0.028771489965
7.26649276614 -0.747247336283 -8.43525586545 0.00328764167693 0.00577658625864 -0.026579722952
6.85454122066 0.129335038103 -7.53952440798 0.00310190387595 0.00570228718512 -0.0274155623019
7.10362676024 1.07296875 -7.15152948976 0.00332478237117 0.00596232405962 -0.0257253163759
2.93628985226 -1.18793217257 -8.99569160521 0.00282327948943 0.0027861387952 -0.0301274030639
3.50152264774 -1.84416226164 -9.48427851319 0.00263754168845 0.00326907158989 -0.0280285221163
3.90866690487 -1.87769282743 -9.39805839479 0.00254467252789 0.00328764167693 -0.0291615369544
5.19240351319 -1.74836761996 -10.0830322266 0.0027861387952 0.00377057447162 -0.0274898603352
5.69535235226 -1.61424535677 -9.96328125 0.00313904457019 0.00438351634089 -0.0293101351014
-3.26202127934 -2.42855375156 -9.196875 0.00128163014999 -0.000817267897472 -0.0289386594995
-2.09803520903 -1.8058444342 -9.03400957882 0.00146736808101 -0.000167167632663 -0.0297001987355
-1.4992819342 -1.75794214323 -8.85199452639 0.00169024670626 0.000520073196343 -0.0288086306592
-0.40715423394 -1.86332124844 -8.3634076184 0.00206173999327 0.000872996233766 -0.0307775035725
0.56043548394 -1.67172217101 -8.73224413455 0.00178313303173 0.00104016388268 -0.0285300244779
-6.19352401614 -1.49449467257 -10.4853990161 0.000668670530653 -0.00299044720337 -0.0286600345928
-6.71563184202 -1.91601065487 -10.0878187573 0.000780109843278 -0.00248894432163 -0.0283256996851
-5.70014940798 -2.62972735226 -10.3608509839 0.0010773045119 -0.00211746832956 -0.0299788049169
-5.98755292118 -3.46799208194 -9.83394668698 0.000724398931964 -0.00247037397452 -0.0289943695005
-4.5122173816 -2.85006973386 -9.97765253663 0.000817267897472 -0.00182027372596 -0.0294958718621
-6.9647173816 1.47053863004 -11.0985240161 -0.000501502914244 -0.00371484600529 -0.0275827297558
-6.6773138684 0.847839033678 -10.9644017529 0.000111439271988 -0.00328764167693 -0.0286414632054
-7.75506973386 0.474215402082 -11.0554089868 -0.000371493319521 -0.00369627565818 -0.0277684852418
-3.62606044739 -2.77822148681 -14.1976792896 -0.000222896001466 -0.00560941828463 -0.0285671651721
2.39502318576 1.66214750156 -9.98244023681 -0.00440208668801 -0.00564655897886 0.0191686012885
-1.09212766372 -1.82500342101 -12.391834563 0.00209888055747 -0.00146736808101 -0.00497788864326
5.50854082882 0.761618988365 -9.18729082882 -7.42986671552e-05 0.00319477277644 0.00308331610386
-3.41530252934 -1.21187834792 -12.0613160205 0.000241466299818 -0.00334337014326 0.00490358956974
0.0670611590054 0.857413630038 -12.1906517529 -0.00013002702783 0.00219176701297 -0.00585088481201
1.0059076184 0.15328125 -9.8387437427 -0.00150450877524 -7.42986671552e-05 0.00482930870143
-0.622709390447 0.546063831858 -9.01006289184 0.00137449918052 0.00230320626058 -0.00299044720337
1.64297886685 -0.0335305795027 -9.29746698976 -0.000111439271988 -0.00100300582849 0.00165310601202
-0.646655565798 -1.20709108628 -10.1836242163 0.000724398931964 -0.00111446256609 0.000501502914244
0.843041977957 0.402366972305 -10.6051499927 -0.00014859733431 -0.000742969214063 -0.000390063634129
-0.0431149516767 0.550851130038 -10.4279127002 0.000315764983228 -0.000891566515864 0.00144879786393
-0.0910073709022 -0.0191589297052 -10.8302794898 0.000780109843278 0.000222896001466 1.85703024165e-05
0.45984375 -0.292190847918 -9.60402948976 0.00013002702783 0.00061294219436 0.000724398931964
0.172440181989 0.0958044631686 -9.64234687865 -3.7140604833e-05 0.000482932599637 0.000352905579934
0.397569880038 0.167652902082 -9.60881660521 0.000167167632663 0.00014859733431 0.000241466299818
0.172440181989 0.0287432995951 -9.76688497066 0.000352905579934 -0.000204308245624 0.000260036598171
0.25387298394 -0.167652902082 -10.2171544898 0.000260036598171 -0.000185737931016 0.000241466299818
0.210758045968 -0.105379022984 -10.1500927734 0.0 -9.2868965508e-05 0.000278606896524
0.258660263848 0.234714051951 -9.98244023681 0.000204308245624 0.000222896001466 0.000371493319521
0.263447543755 -0.0862200909946 -9.87706171632 0.000315764983228 0.000222896001466 0.000352905579934
0.378410929777 -0.0526895114919 -9.93933456302 0.000185737931016 0.000204308245624 0.000371493319521
0.25387298394 -0.0335305795027 -9.87706171632 0.000167167632663 0.000111439271988 0.000371493319521
0.392782581858 0.148493970092 -9.95849354982 0.000185737931016 -5.57283647387e-05 0.000334335265326
0.182024554163 -0.15328125 -9.99681152344 0.000297194668621 0.000111439271988 0.000352905579934
0.325721413717 -0.0335305795027 -9.98722793698 5.57283647387e-05 1.85703024165e-05 0.000315764983228
0.191599113978 0.081432811087 -9.96328125 0.000222896001466 0.000111439271988 0.000390063634129
0.35446471788 -0.0862200909946 -9.91059198976 0.000260036598171 7.42986671552e-05 0.000334335265326
0.201183486152 0.00478727990761 -10.0207582104 0.000241466299818 7.42986671552e-05 0.000352905579934
0.330508711897 -0.081432811087 -9.93933456302 0.000167167632663 1.85703024165e-05 0.000352905579934
0.282616288103 0.105379022984 -10.092615813 0.000185737931016 -3.7140604833e-05 0.000371493319521
0.330508711897 -0.100591743076 -9.96328125 0.000204308245624 9.2868965508e-05 0.000315764983228
0.296978127826 0.100591743076 -10.0063962793 0.000185737931016 -3.7140604833e-05 0.000352905579934
0.273031915929 -0.0383178594103 -9.91537852049 0.000241466299818 9.2868965508e-05 0.000352905579934
0.258660263848 -0.0191589297052 -10.0063962793 0.000185737931016 -1.85703024165e-05 0.000371493319521
0.301775220092 -0.0670611590054 -9.97765253663 0.000204308245624 7.42986671552e-05 0.000334335265326
0.258660263848 0.0862200909946 -9.95849354982 0.00013002702783 -1.85703024165e-05 0.000334335265326
0.301775220092 0.0239462096128 -9.97765253663 0.000297194668621 5.57283647387e-05 0.000297194668621
0.239501331858 -0.138909597918 -9.9536964941 0.000222896001466 3.7140604833e-05 0.000390063634129
0.3065625 0.0431149516767 -10.0111839795 0.00013002702783 3.7140604833e-05 0.000334335265326
0.301775220092 0.0431149516767 -9.92496327639 0.000204308245624 3.7140604833e-05 0.000371493319521
0.263447543755 0.00958436988993 -10.0351294971 0.000260036598171 0.0 0.000408633948736
0.239501331858 -0.138909597918 -9.98244023681 0.000204308245624 7.42986671552e-05 0.000334335265326
0.31134979818 0.0383178594103 -10.0111839795 0.000111439271988 7.42986671552e-05 0.000278606896524
0.25387298394 0.0239462096128 -9.96806895018 0.000241466299818 5.57283647387e-05 0.000315764983228
0.273031915929 -0.0335305795027 -10.0063962793 0.000222896001466 1.85703024165e-05 0.000352905579934
0.229916977957 -0.00478727990761 -10.0303429663 0.000167167632663 5.57283647387e-05 0.000334335265326
0.292190847918 -0.0143716497975 -9.96806895018 0.00013002702783 9.2868965508e-05 0.000352905579934
0.258660263848 0.105379022984 -10.0255552661 0.000241466299818 7.42986671552e-05 0.000352905579934
0.282616288103 -0.071848438913 -9.98244023681 0.000185737931016 7.42986671552e-05 0.000390063634129
0.282616288103 0.0670611590054 -10.0159705102 0.00014859733431 -1.85703024165e-05 0.000334335265326
0.277819195837 0.0 -9.91537852049 0.000167167632663 3.7140604833e-05 0.000371493319521
0.263447543755 0.0335305795027 -10.0351294971 0.000222896001466 5.57283647387e-05 0.000371493319521
0.277819195837 -0.0670611590054 -9.96328125 0.000222896001466 5.57283647387e-05 0.000371493319521
0.301775220092 0.00478727990761 -9.9920249927 0.00013002702783 3.7140604833e-05 0.000334335265326
0.292190847918 -0.00478727990761 -9.96328125 0.000204308245624 3.7140604833e-05 0.000352905579934
0.296978127826 -0.0239462096128 -10.0111839795 0.000204308245624 1.85703024165e-05 0.000334335265326
0.263447543755 0.0143716497975 -9.96328125 0.000222896001466 1.85703024165e-05 0.000390063634129
0.296978127826 -0.00478727990761 -9.93933456302 0.000204308245624 9.2868965508e-05 0.000334335265326
0.296978127826 0.0143716497975 -9.95849354982 0.00014859733431 5.57283647387e-05 0.000390063634129
0.244288611766 -0.0239462096128 -9.9728660059 0.000204308245624 0.000111439271988 0.000352905579934
0.258660263848 -0.0143716497975 -9.98722793698 0.00014859733431 1.85703024165e-05 0.000371493319521
0.263447543755 -0.0383178594103 -9.9345375073 0.000241466299818 5.57283647387e-05 0.000315764983228
0.31134979818 0.0143716497975 -10.0207582104 0.000167167632663 3.7140604833e-05 0.000352905579934
0.258660263848 0.00958436988993 -10.0063962793 0.000204308245624 5.57283647387e-05 0.000352905579934
0.292190847918 0.00958436988993 -10.0015992236 0.00014859733431 7.42986671552e-05 0.000352905579934
0.287403568011 0.0191589297052 -9.92975097656 0.000260036598171 3.7140604833e-05 0.000334335265326
0.301775220092 -0.0479022315843 -9.94890996337 0.000167167632663 0.0 0.000352905579934
0.273031915929 0.0287432995951 -10.0111839795 0.000222896001466 1.85703024165e-05 0.000334335265326
0.239501331858 -0.0479022315843 -9.93933456302 0.000185737931016 3.7140604833e-05 0.000334335265326
0.263447543755 -0.00478727990761 -9.98722793698 0.000260036598171 9.2868965508e-05 0.000352905579934
0.3065625 -0.00958436988993 -9.93933456302 0.000222896001466 3.7140604833e-05 0.000315764983228
0.273031915929 0.0239462096128 -9.96328125 0.000185737931016 1.85703024165e-05 0.000334335265326
0.31134979818 -0.0335305795027 -9.97765253663 0.000241466299818 3.7140604833e-05 0.000334335265326
0.249085704032 0.00478727990761 -10.0207582104 0.000185737931016 1.85703024165e-05 0.000371493319521
0.273031915929 -0.00958436988993 -9.94890996337 0.000222896001466 9.2868965508e-05 0.000352905579934
0.268244636022 0.0143716497975 -9.94890996337 0.000222896001466 5.57283647387e-05 0.000371493319521
0.273031915929 -0.00958436988993 -9.97765253663 0.00014859733431 3.7140604833e-05 0.000427204230834
0.273031915929 -0.00958436988993 -10.0015992236 0.00013002702783 3.7140604833e-05 0.000315764983228
0.263447543755 -0.0239462096128 -10.0111839795 0.000241466299818 5.57283647387e-05 0.000371493319521
0.25387298394 0.0 -9.98722793698 0.000222896001466 1.85703024165e-05 0.000352905579934
0.31134979818 -0.0143716497975 -10.0255552661 0.000204308245624 5.57283647387e-05 0.000408633948736
0.301775220092 -0.0287432995951 -9.92496327639 0.00014859733431 7.42986671552e-05 0.000334335265326
0.445472097918 -0.177227461897 -9.91059198976 0.000167167632663 3.7140604833e-05 0.000371493319521
-1.839375 0.76640625 -6.31327440798 0.000111439271988 0.000798697550356 0.000445774545442
-0.713716770485 0.603540646099 -10.9308714795 0.000185737931016 -0.00105873416478 0.000260036598171
-1.01549193576 -0.138909597918 -10.6674134839 0.000260036598171 0.000222896001466 0.000408633948736
0.488587054163 0.0622738790978 -10.1836242163 0.000204308245624 0.000371493319521 0.000241466299818
0.9196875 -0.124537945837 -9.80521288455 0.000167167632663 0.000575801565145 0.000501502914244
0.335305804163 0.0143716497975 -9.50822461545 0.00014859733431 0.000241466299818 0.000185737931016
0.148493970092 0.129335038103 -9.76209785521 0.000260036598171 -1.85703024165e-05 0.000352905579934
-0.0574767913995 0.0622738790978 -9.99681152344 0.000222896001466 -0.000260036598171 0.000427204230834
-0.244288611766 -0.081432811087 -10.1931984472 0.000204308245624 -0.000334335265326 0.000315764983228
0.268244636022 -0.0574767913995 -10.0830322266 0.00014859733431 0.00014859733431 0.000334335265326
0.301775220092 0.0862200909946 -9.90100723386 0.000204308245624 0.000315764983228 0.000315764983228
-0.383198227957 -0.225129698049 -10.3560632837 0.000315764983228 0.000334335265326 0.000390063634129
0.148493970092 0.177227461897 -8.70350039184 0.00014859733431 0.000371493319521 0.000427204230834
-0.081432811087 0.119750665929 -9.53218065798 0.000222896001466 -0.000204308245624 0.000315764983228
0.550851130038 -0.119750665929 -10.3464796972 0.00014859733431 -0.000334335265326 0.000334335265326
0.344880363978 0.0574767913995 -10.293790437 0.000222896001466 -1.85703024165e-05 0.000334335265326
0.268244636022 -0.100591743076 -10.0974035132 0.000185737931016 0.000222896001466 0.000315764983228
0.35925201606 0.0239462096128 -9.8387437427 0.00014859733431 0.000297194668621 0.000427204230834
0.292190847918 0.0622738790978 -9.71419571042 0.000241466299818 0.000241466299818 0.000315764983228
0.35446471788 0.0431149516767 -9.77646914184 0.000167167632663 0.0 0.000334335265326
0.215555138234 -0.0287432995951 -10.1357214868 0.000167167632663 -0.000167167632663 0.000334335265326
0.191599113978 -0.0191589297052 -10.1931984472 0.000185737931016 -9.2868965508e-05 0.000390063634129
0.201183486152 0.0431149516767 -10.1309337866 0.000260036598171 9.2868965508e-05 0.000352905579934
0.263447543755 -0.0287432995951 -10.0015992236 0.000167167632663 0.000185737931016 0.000371493319521
0.330508711897 -0.0143716497975 -9.87227401614 0.000167167632663 0.000167167632663 0.000334335265326
0.364039277695 -0.0526895114919 -9.86747696042 0.000222896001466 3.7140604833e-05 0.000315764983228
0.234714051951 0.0287432995951 -9.98722793698 0.000185737931016 -3.7140604833e-05 0.000371493319521
0.263447543755 0.0191589297052 -10.0399171972 0.000185737931016 0.0 0.000315764983228
0.234714051951 0.00958436988993 -10.1213502002 0.000204308245624 0.0 0.000390063634129
0.239501331858 -0.0287432995951 -9.98244023681 0.000185737931016 9.2868965508e-05 0.000408633948736
0.258660263848 0.00478727990761 -9.90580428958 0.000185737931016 0.000111439271988 0.000334335265326
0.340093065798 0.0287432995951 -9.92975097656 0.000204308245624 3.7140604833e-05 0.000334335265326
0.249085704032 -0.0191589297052 -10.0063962793 0.000204308245624 -1.85703024165e-05 0.000352905579934
0.316146853901 -0.00958436988993 -10.0399171972 0.000185737931016 -1.85703024165e-05 0.000315764983228
0.234714051951 0.0143716497975 -10.0159705102 0.000204308245624 9.2868965508e-05 0.000390063634129
-0.905315847918 0.215555138234 -9.88663594723 0.000260036598171 -0.000520073196343 0.000315764983228
-0.684973466322 0.603540646099 -8.67475723386 0.000241466299818 0.00143021009183 0.000260036598171
-0.119750665929 0.191599113978 -9.45074823976 0.000167167632663 0.000260036598171 0.000390063634129
0.114963386022 -0.172440181989 -9.68066485226 0.000204308245624 1.85703024165e-05 0.000352905579934
0.172440181989 0.119750665929 -10.1165625 0.000204308245624 -0.000222896001466 0.000371493319521
0.220342418142 0.0 -10.1836242163 0.00013002702783 -0.000111439271988 0.000315764983228
0.277819195837 0.0 -10.0303429663 0.000167167632663 0.000185737931016 0.000390063634129
0.320934152082 -0.0479022315843 -9.86268926024 0.000222896001466 0.000222896001466 0.000315764983228
0.368836369962 0.0143716497975 -9.76688497066 0.000185737931016 0.000111439271988 0.000297194668621
0.392782581858 -0.0191589297052 -9.94412226319 0.000167167632663 5.57283647387e-05 0.000278606896524
0.273031915929 0.0335305795027 -10.0063962793 0.000260036598171 -7.42986671552e-05 0.000371493319521
0.239501331858 0.0287432995951 -10.0878187573 0.000222896001466 1.85703024165e-05 0.000334335265326
0.249085704032 0.0143716497975 -9.99681152344 0.000185737931016 3.7140604833e-05 0.000371493319521
0.35925201606 0.0335305795027 -9.92016622066 0.000185737931016 0.000167167632663 0.000315764983228
0.316146853901 -0.0191589297052 -9.88184824705 0.000222896001466 0.000204308245624 0.000352905579934
0.330508711897 -0.00958436988993 -9.92496327639 0.000167167632663 7.42986671552e-05 0.000371493319521
0.249085704032 -0.0383178594103 -9.98722793698 0.000204308245624 -5.57283647387e-05 0.000297194668621
0.234714051951 -0.00958436988993 -10.0638732398 0.000167167632663 0.0 0.000334335265326
0.244288611766 -0.0191589297052 -10.0063962793 0.000204308245624 5.57283647387e-05 0.000371493319521
0.258660263848 -0.00958436988993 -9.96806895018 0.000167167632663 0.000111439271988 0.000352905579934
0.301775220092 -0.0383178594103 -9.96806895018 0.000204308245624 7.42986671552e-05 0.000297194668621
0.3065625 0.00958436988993 -9.99681152344 0.000185737931016 3.7140604833e-05 0.000297194668621
0.25387298394 0.0143716497975 -10.0015992236 0.000222896001466 -3.7140604833e-05 0.000334335265326
0.282616288103 0.00958436988993 -10.0255552661 0.000204308245624 3.7140604833e-05 0.000352905579934
0.292190847918 0.0143716497975 -9.99681152344 0.000222896001466 7.42986671552e-05 0.000371493319521
0.3065625 -0.0191589297052 -9.97765253663 0.000167167632663 7.42986671552e-05 0.000352905579934
0.3065625 0.0335305795027 -9.96328125 0.000167167632663 7.42986671552e-05 0.000371493319521
0.258660263848 0.0239462096128 -9.98722793698 0.000222896001466 3.7140604833e-05 0.000334335265326
0.296978127826 -0.0335305795027 -9.95849354982 0.000185737931016 7.42986671552e-05 0.000334335265326
0.25387298394 -0.0191589297052 -9.9728660059 0.000167167632663 5.57283647387e-05 0.000315764983228
0.320934152082 0.0287432995951 -9.94412226319 0.00014859733431 7.42986671552e-05 0.000352905579934
0.244288611766 0.0 -9.97765253663 0.000222896001466 1.85703024165e-05 0.000352905579934
0.296978127826 -0.0670611590054 -9.9920249927 0.000167167632663 9.2868965508e-05 0.000334335265326
0.277819195837 -0.00478727990761 -10.0015992236 0.000167167632663 -1.85703024165e-05 0.000352905579934
0.277819195837 -0.00958436988993 -10.0111839795 0.000222896001466 7.42986671552e-05 0.000297194668621
0.25387298394 -0.0287432995951 -10.0207582104 0.000204308245624 7.42986671552e-05 0.000334335265326
0.316146853901 -0.0383178594103 -9.9920249927 0.000222896001466 5.57283647387e-05 0.000297194668621
0.191599113978 -0.0479022315843 -9.96806895018 0.000167167632663 7.42986671552e-05 0.000371493319521
0.186811834071 0.41194153212 -7.98020917118 0.00013002702783 0.00172740469543 0.000222896001466
-0.0287432995951 -0.0287432995951 -9.35015625 0.00013002702783 -0.000575801565145 0.000297194668621
0.00958436988993 0.0958044631686 -10.0782445264 0.000204308245624 -0.000817267897472 0.000278606896524
-0.148493970092 -0.00958436988993 -10.6578392529 0.000241466299818 -0.000427204230834 0.000352905579934
-0.081432811087 -0.0383178594103 -10.5668214941 0.000222896001466 -0.000167167632663 0.000334335265326
0.641868304163 0.0670611590054 -9.8195847559 9.2868965508e-05 0.000705828584848 0.000222896001466
0.589178788103 0.071848438913 -9.58487050295 0.000185737931016 0.000575801565145 0.000557231283047
0.498161613978 -0.0958044631686 -9.5704986316 0.000260036598171 0.00013002702783 0.000371493319521
0.191599113978 -0.0479022315843 -9.82915898681 0.000185737931016 -0.000241466299818 0.000427204230834
0.25387298394 0.0287432995951 -10.1692517602 0.000185737931016 -0.000297194668621 0.000278606896524
0.225129698049 -0.0862200909946 -10.2506847632 0.000167167632663 3.7140604833e-05 0.000390063634129
0.119750665929 -0.0383178594103 -10.0638732398 0.00013002702783 0.000167167632663 0.000427204230834
0.287403568011 -0.0239462096128 -9.79084101319 0.000204308245624 0.000260036598171 0.000297194668621
0.368836369962 0.0383178594103 -9.77168202639 0.00014859733431 0.000167167632663 0.000371493319521
0.3065625 0.00958436988993 -9.82915898681 0.000185737931016 0.00013002702783 0.000241466299818
0.316146853901 0.0431149516767 -9.94412226319 0.000185737931016 -5.57283647387e-05 0.000352905579934
0.258660263848 -0.0191589297052 -10.0015992236 0.000222896001466 3.7140604833e-05 0.000352905579934
0.268244636022 0.0143716497975 -10.0830322266 0.000222896001466 9.2868965508e-05 0.000371493319521
0.301775220092 -0.0191589297052 -9.9536964941 0.00014859733431 0.000185737931016 0.000352905579934
0.273031915929 0.0574767913995 -9.94890996337 0.000185737931016 0.00013002702783 0.000408633948736
0.287403568011 -0.0574767913995 -9.89143300295 0.000241466299818 0.000111439271988 0.000315764983228
0.378410929777 -0.0287432995951 -9.9728660059 0.00014859733431 -3.7140604833e-05 0.000427204230834
0.3065625 0.0431149516767 -10.092615813 0.000222896001466 -1.85703024165e-05 0.000352905579934
0.249085704032 -0.0479022315843 -10.0782445264 0.000222896001466 -5.57283647387e-05 0.000352905579934
0.220342418142 0.0 -9.9920249927 0.000167167632663 0.00013002702783 0.000241466299818
0.383198227957 0.0431149516767 -10.0015992236 0.000185737931016 7.42986671552e-05 0.000334335265326
0.335305804163 -0.00478727990761 -9.84831797361 0.000241466299818 0.00014859733431 0.000352905579934
0.244288611766 -0.0287432995951 -9.93933456302 0.000185737931016 -3.7140604833e-05 0.000315764983228
0.320934152082 0.0574767913995 -9.96806895018 0.000204308245624 0.0 0.000334335265326
0.277819195837 -0.00478727990761 -10.0111839795 0.000204308245624 1.85703024165e-05 0.000371493319521
0.25387298394 -0.00958436988993 -10.0303429663 0.000167167632663 1.85703024165e-05 0.000352905579934
0.296978127826 -0.00958436988993 -10.0015992236 0.000185737931016 7.42986671552e-05 0.000352905579934
0.301775220092 -0.0287432995951 -9.9345375073 0.000167167632663 3.7140604833e-05 0.000334335265326
0.3065625 0.0 -9.92016622066 0.000204308245624 3.7140604833e-05 0.000390063634129
0.3065625 -0.0143716497975 -9.91059198976 0.000222896001466 9.2868965508e-05 0.000334335265326
0.273031915929 0.0239462096128 -9.96328125 0.000185737931016 3.7140604833e-05 0.000352905579934
0.287403568011 -0.0287432995951 -10.0111839795 0.000204308245624 3.7140604833e-05 0.000315764983228
0.277819195837 -0.0143716497975 -10.0255552661 0.00013002702783 3.7140604833e-05 0.000371493319521
0.292190847918 -0.0191589297052 -9.98722793698 0.000204308245624 7.42986671552e-05 0.000371493319521
0.287403568011 0.0335305795027 -9.93933456302 0.000222896001466 1.85703024165e-05 0.000352905579934
0.287403568011 -0.0239462096128 -9.9536964941 0.000241466299818 3.7140604833e-05 0.000352905579934
0.287403568011 -0.0239462096128 -9.95849354982 0.000185737931016 1.85703024165e-05 0.000315764983228
0.277819195837 0.0239462096128 -10.0159705102 0.000204308245624 1.85703024165e-05 0.000352905579934
0.287403568011 -0.0143716497975 -10.0015992236 0.000222896001466 0.0 0.000371493319521
0.273031915929 -0.0431149516767 -9.9536964941 0.00014859733431 5.57283647387e-05 0.000334335265326
0.273031915929 -0.0191589297052 -9.9728660059 0.000204308245624 3.7140604833e-05 0.000352905579934
0.301775220092 0.00958436988993 -9.9728660059 0.000204308245624 7.42986671552e-05 0.000315764983228
0.282616288103 -0.0335305795027 -9.95849354982 0.000204308245624 1.85703024165e-05 0.000334335265326
0.31134979818 0.00478727990761 -9.9920249927 0.000185737931016 9.2868965508e-05 0.000352905579934
0.273031915929 0.00478727990761 -10.0111839795 0.000204308245624 7.42986671552e-05 0.000352905579934
0.292190847918 0.00958436988993 -9.9345375073 0.000222896001466 1.85703024165e-05 0.000371493319521
0.277819195837 0.0 -9.9920249927 0.000185737931016 3.7140604833e-05 0.000352905579934
0.282616288103 -0.0383178594103 -9.92975097656 0.000204308245624 9.2868965508e-05 0.000352905579934
0.282616288103 -0.00478727990761 -9.92975097656 0.000185737931016 7.42986671552e-05 0.000390063634129
0.292190847918 -0.0143716497975 -9.9920249927 0.000204308245624 7.42986671552e-05 0.000352905579934
0.277819195837 -0.00958436988993 -10.0063962793 0.000167167632663 1.85703024165e-05 0.000371493319521
0.296978127826 -0.0143716497975 -9.98244023681 0.000185737931016 9.2868965508e-05 0.000334335265326
0.25387298394 0.00958436988993 -10.0207582104 0.000167167632663 5.57283647387e-05 0.000352905579934
0.301775220092 -0.0287432995951 -9.94412226319 0.000204308245624 7.42986671552e-05 0.000334335265326
0.282616288103 0.00478727990761 -9.9536964941 0.000167167632663 5.57283647387e-05 0.000390063634129
0.31134979818 -0.00478727990761 -9.97765253663 0.000204308245624 5.57283647387e-05 0.000352905579934
0.292190847918 -0.0287432995951 -9.98244023681 0.000167167632663 1.85703024165e-05 0.000371493319521
0.31134979818 0.0 -9.96806895018 0.000167167632663 3.7140604833e-05 0.000371493319521
0.239501331858 -0.0239462096128 -9.94890996337 0.000167167632663 0.0 0.000297194668621
0.287403568011 0.0143716497975 -9.9728660059 0.000222896001466 5.57283647387e-05 0.000352905579934
0.277819195837 0.00478727990761 -9.97765253663 0.000185737931016 9.2868965508e-05 0.000315764983228
0.330508711897 -0.0383178594103 -9.94412226319 0.000204308245624 5.57283647387e-05 0.000315764983228
0.282616288103 0.00958436988993 -9.98722793698 0.000167167632663 7.42986671552e-05 0.000297194668621
0.31134979818 0.00478727990761 -9.9728660059 0.000241466299818 5.57283647387e-05 0.000390063634129
0.263447543755 0.0 -10.0015992236 0.000167167632663 -1.85703024165e-05 0.000352905579934
0.277819195837 -0.0287432995951 -9.94890996337 0.00014859733431 7.42986671552e-05 0.000334335265326
0.301775220092 0.0191589297052 -9.92496327639 0.00014859733431 5.57283647387e-05 0.000371493319521
0.287403568011 -0.00478727990761 -9.94890996337 0.000204308245624 7.42986671552e-05 0.000334335265326
0.268244636022 -0.0239462096128 -9.98244023681 0.000204308245624 1.85703024165e-05 0.000352905579934
0.292190847918 0.00478727990761 -9.93933456302 0.000185737931016 5.57283647387e-05 0.000278606896524
0.249085704032 -0.0191589297052 -9.96806895018 0.000222896001466 5.57283647387e-05 0.000390063634129
0.277819195837 -0.00478727990761 -9.97765253663 0.000204308245624 0.000111439271988 0.000315764983228
0.292190847918 -0.0383178594103 -9.96328125 0.000241466299818 7.42986671552e-05 0.000352905579934
0.234714051951 -0.0526895114919 -9.99681152344 0.000204308245624 3.7140604833e-05 0.000334335265326
0.282616288103 -0.0143716497975 -9.96806895018 0.000167167632663 7.42986671552e-05 0.000390063634129
0.244288611766 0.0287432995951 -9.98722793698 0.000204308245624 0.000111439271988 0.000315764983228
0.3065625 -0.0239462096128 -10.0303429663 0.000204308245624 3.7140604833e-05 0.000315764983228
0.229916977957 0.0 -9.9345375073 0.000185737931016 5.57283647387e-05 0.000371493319521
0.320934152082 -0.00958436988993 -9.9728660059 0.000241466299818 -1.85703024165e-05 0.000315764983228
0.244288611766 0.00478727990761 -10.0159705102 0.000222896001466 1.85703024165e-05 0.000371493319521
0.244288611766 -0.0574767913995 -9.97765253663 0.000185737931016 7.42986671552e-05 0.000352905579934
0.335305804163 0.0622738790978 -10.0542884839 0.000185737931016 1.85703024165e-05 0.000278606896524
0.239501331858 -0.0431149516767 -9.92496327639 0.000204308245624 0.00013002702783 0.000371493319521
0.31134979818 0.0143716497975 -10.0351294971 0.000167167632663 0.0 0.000297194668621
0.244288611766 -0.0479022315843 -9.89621953368 0.000222896001466 0.00014859733431 0.000371493319521
0.296978127826 0.00958436988993 -9.98722793698 0.000185737931016 0.0 0.000371493319521
0.234714051951 0.00958436988993 -9.9728660059 0.000185737931016 9.2868965508e-05 0.000297194668621
0.287403568011 -0.0431149516767 -10.0015992236 0.000185737931016 0.0 0.000427204230834
0.258660263848 0.00478727990761 -9.98244023681 0.00014859733431 0.00013002702783 0.000278606896524
0.344880363978 0.0 -9.9728660059 0.000222896001466 1.85703024165e-05 0.000427204230834
0.263447543755 0.0 -9.99681152344 0.000204308245624 9.2868965508e-05 0.000315764983228
0.292190847918 -0.0143716497975 -9.95849354982 0.000204308245624 3.7140604833e-05 0.000334335265326
0.292190847918 0.0239462096128 -10.0063962793 0.000167167632663 5.57283647387e-05 0.000371493319521
0.263447543755 0.00478727990761 -9.95849354982 0.000222896001466 1.85703024165e-05 0.000371493319521
0.282616288103 0.0 -9.94890996337 0.000185737931016 7.42986671552e-05 0.000334335265326
0.263447543755 -0.0191589297052 -10.0063962793 0.000111439271988 3.7140604833e-05 0.000315764983228
0.316146853901 0.00478727990761 -9.92496327639 0.000222896001466 9.2868965508e-05 0.000297194668621
0.301775220092 0.00958436988993 -9.96328125 0.000204308245624 3.7140604833e-05 0.000334335265326
0.244288611766 -0.00478727990761 -9.9536964941 0.000185737931016 9.2868965508e-05 0.000297194668621
0.325721413717 0.00478727990761 -9.99681152344 0.000204308245624 3.7140604833e-05 0.000315764983228
0.263447543755 -0.00478727990761 -10.0015992236 0.000204308245624 7.42986671552e-05 0.000371493319521
0.292190847918 -0.0191589297052 -10.0063962793 0.00013002702783 5.57283647387e-05 0.000371493319521
0.268244636022 -0.0526895114919 -9.99681152344 0.000222896001466 3.7140604833e-05 0.000352905579934
0.296978127826 0.0287432995951 -9.90580428958 0.000204308245624 3.7140604833e-05 0.000352905579934
0.3065625 -0.00958436988993 -10.0015992236 0.000185737931016 9.2868965508e-05 0.000334335265326
0.31134979818 -0.0431149516767 -9.96806895018 0.00013002702783 7.42986671552e-05 0.000334335265326
0.268244636022 0.0 -9.9728660059 0.000241466299818 7.42986671552e-05 0.000352905579934
0.273031915929 0.00958436988993 -9.9728660059 0.000222896001466 7.42986671552e-05 0.000334335265326
0.268244636022 -0.0287432995951 -10.0159705102 0.000204308245624 -1.85703024165e-05 0.000390063634129
0.273031915929 -0.0287432995951 -10.0542884839 0.000204308245624 7.42986671552e-05 0.000371493319521
0.292190847918 0.00478727990761 -10.0015992236 0.000204308245624 3.7140604833e-05 0.000371493319521
0.31134979818 -0.0143716497975 -9.9536964941 0.000167167632663 5.57283647387e-05 0.000390063634129
0.287403568011 0.00478727990761 -10.0111839795 0.000167167632663 3.7140604833e-05 0.000390063634129
0.296978127826 -0.0143716497975 -9.9728660059 0.000222896001466 3.7140604833e-05 0.000297194668621
0.301775220092 -0.0287432995951 -9.98722793698 0.000222896001466 0.0 0.000371493319521
0.158068529908 -0.0143716497975 -9.87227401614 0.000204308245624 5.57283647387e-05 0.000371493319521
0.397569880038 0.0 -10.0159705102 0.000185737931016 -3.7140604833e-05 0.000278606896524
0.129335038103 -0.0287432995951 -9.92496327639 0.000260036598171 0.000111439271988 0.000371493319521
