0.31134979818 -0.0479022315843 -9.98722793698 7.42986671552e-05 5.57283647387e-05 0.000297194668621
0.301775220092 0.0862200909946 -9.96328125 0.000167167632663 5.57283647387e-05 0.000315764983228
0.273031915929 0.00958436988993 -10.0015992236 0.000241466299818 9.2868965508e-05 0.000408633948736
0.282616288103 -0.0766357188206 -9.99681152344 0.000222896001466 5.57283647387e-05 0.000371493319521
0.268244636022 -0.0239462096128 -9.89621953368 0.000111439271988 9.2868965508e-05 0.000334335265326
0.316146853901 0.0862200909946 -9.92975097656 0.00014859733431 5.57283647387e-05 0.000352905579934
0.3065625 0.0 -10.0447142529 0.000315764983228 7.42986671552e-05 0.000371493319521
0.287403568011 -0.081432811087 -10.0159705102 0.000241466299818 7.42986671552e-05 0.000334335265326
0.296978127826 -0.0383178594103 -9.99681152344 0.000111439271988 7.42986671552e-05 0.000315764983228
0.292190847918 0.00958436988993 -9.93933456302 0.000167167632663 7.42986671552e-05 0.000352905579934
0.325721413717 0.0526895114919 -9.92016622066 0.000222896001466 7.42986671552e-05 0.000371493319521
0.25387298394 -0.0335305795027 -9.98722793698 0.000241466299818 0.0 0.000371493319521
0.296978127826 -0.0239462096128 -10.0063962793 0.000167167632663 3.7140604833e-05 0.000334335265326
0.277819195837 0.0239462096128 -9.94890996337 0.000167167632663 3.7140604833e-05 0.000334335265326
0.292190847918 0.00478727990761 -9.91537852049 0.000185737931016 9.2868965508e-05 0.000352905579934
0.296978127826 0.00478727990761 -9.91059198976 0.000185737931016 0.0 0.000352905579934
0.292190847918 -0.0143716497975 -10.0255552661 0.000185737931016 3.7140604833e-05 0.000371493319521
0.296978127826 -0.071848438913 -9.96806895018 0.000167167632663 1.85703024165e-05 0.000371493319521
0.31134979818 0.0287432995951 -9.9345375073 0.00013002702783 7.42986671552e-05 0.000390063634129
0.320934152082 0.0431149516767 -10.0399171972 0.000260036598171 5.57283647387e-05 0.000352905579934
0.263447543755 -0.0766357188206 -9.9728660059 0.000222896001466 5.57283647387e-05 0.000371493319521
0.239501331858 -0.0526895114919 -10.0111839795 0.00013002702783 3.7140604833e-05 0.000390063634129
0.287403568011 0.0862200909946 -10.0111839795 0.000167167632663 9.2868965508e-05 0.000371493319521
0.296978127826 0.0431149516767 -9.9345375073 0.000241466299818 5.57283647387e-05 0.000315764983228
0.287403568011 -0.0479022315843 -9.9728660059 0.000222896001466 5.57283647387e-05 0.000315764983228
0.258660263848 -0.0239462096128 -9.9728660059 0.00013002702783 5.57283647387e-05 0.000334335265326
0.292190847918 0.0143716497975 -9.9536964941 0.000167167632663 7.42986671552e-05 0.000352905579934
0.301775220092 -0.0143716497975 -9.9920249927 0.000185737931016 5.57283647387e-05 0.000371493319521
0.273031915929 -0.0143716497975 -9.98244023681 0.000222896001466 7.42986671552e-05 0.000390063634129
0.3065625 -0.0287432995951 -10.0063962793 0.000185737931016 3.7140604833e-05 0.000390063634129
0.282616288103 0.0 -9.99681152344 0.000185737931016 5.57283647387e-05 0.000334335265326
2.52913565487 -0.56043548394 -11.826602937 0.000278606896524 -0.000631529966456 0.000352905579934
4.01405565798 3.78412910521 -8.06642928958 -0.00187600206225 -0.00250751440867 0.0453211219928
0.0862200909946 -0.502958706245 -5.2115625 -0.000390063634129 0.00241464550819 0.0310561097538
3.14226065487 1.37474398836 -8.98131973386 7.42986671552e-05 -0.00115160313029 0.0235521186697
8.07600410521 -0.589178788103 -11.1416285205 -0.000650100248555 9.2868965508e-05 0.0349009819986
8.25324139774 -1.01549193576 -10.9021277368 0.00200601165698 0.00427207735336 0.0257438856827
9.14897285521 1.30768285677 -10.6290955102 0.000445774545442 0.00375198669953 0.0302574298235
7.09883964479 0.00478727990761 -10.5045580029 0.00144879786393 0.00315761465723 0.0293472924404
5.80552851319 0.641868304163 -10.5476625073 0.00224747805432 0.00458784217404 0.0296816273481
6.36116719723 -2.12199125156 -9.80041582882 0.00113303278317 0.00336194049038 0.0276198870948
5.19240351319 -1.79147270903 -9.64713457882 0.000910136862981 0.00286043760864 0.028121391537
8.54543202639 -2.20821136996 -9.8387437427 0.00185743171514 0.00440208668801 0.0284928671389
7.53952440798 -1.92080785677 -10.5955652368 0.00198744130986 0.0038262852529 0.0290872555659
8.28197461545 -3.16621669739 -11.165584563 0.00187600206225 0.00449495610865 0.0283071282976
8.44005292118 -1.81542875156 -11.7116490161 0.00113303278317 0.00397488261972 0.0296258986217
2.46208446354 -3.84161571354 -11.1991160059 0.000835838179571 -0.000111439271988 0.0271740968148
3.02250997066 -3.37697490782 -10.4518687427 0.000835838179571 0.000427204230834 0.0271183847332
4.38767958194 -3.4919381842 -10.3943812573 0.000947277427177 0.000928707145079 0.0271183847332
4.18649589479 -2.45728740782 -10.0542884839 0.00130020049711 0.00159737767573 0.0288272020466
5.2786236316 -2.41418217257 -10.1021912134 0.00191314262645 0.00224747805432 0.0280099340842
-3.94219747066 -2.68721396059 -11.0841527295 -0.000780109843278 -0.00358481898559 0.0268583478587
-2.37106714323 -3.19016309202 -11.3523972559 -0.00115160313029 -0.00332478237117 0.0270069272804
-2.0597173816 -2.73511639774 -11.060196687 -0.000650100248555 -0.00286043760864 0.0278241952429
-0.780777902082 -3.65959101319 -11.5104650366 5.57283647387e-05 -0.00189457240937 0.0275455890616
-0.732875684202 -3.72186502934 -11.1751599634 0.000390063634129 -0.00131877084423 0.0274341316087
-8.04726094723 -0.196396206245 -10.8254917896 -0.0028975780428 -0.00573944556441 0.027564160449
-8.23407247066 0.0383178594103 -10.9548169971 -0.0024518036274 -0.00588802550625 0.0277684852418
-6.76832110226 -0.723291293755 -11.1703722632 -0.00235893472691 -0.00516364360915 0.0280099340842
-6.41865351319 -1.1927194342 -10.7488464868 -0.00167167635914 -0.00481072066925 0.0277313279028
-5.71930839479 -1.67650943264 -10.8973400366 -0.00191314262645 -0.00462498286828 0.0272855521871
-5.36005663455 -1.62381988004 -11.1176830029 -0.00146736808101 -0.00462498286828 0.0274341316087
-8.17659551024 0.368836369962 -9.50822461545 -0.00308331610386 -0.00553511973126 0.0280099340842
-8.43046875 -0.215555138234 -9.63277264774 -0.00276756870815 -0.00518221395627 0.0274712910283
-7.94667889774 -0.3065625 -10.0159705102 -0.00354767829136 -0.00559084793751 0.028214258877
-8.52147598386 0.0958044631686 -10.26984375 -0.00282327948943 -0.00564655897886 0.0280656628106
-8.14306523681 0.220342418142 -10.7967492163 -0.00299044720337 -0.00598089440673 0.0280470914231
-5.71930839479 2.73031934202 -9.13939803958 -0.00169024670626 -0.00239607516107 0.0282885589908
-6.45218437135 2.99377646059 -8.59333417118 -0.00304617540962 -0.00315761465723 0.0293658638278
-6.71563184202 2.66805526614 -8.37777948976 -0.00230320626058 -0.00326907158989 0.0291615369544
-7.34791582882 2.25610386685 -8.51190175295 -0.00291614838992 -0.00399345296684 0.0290872555659
-8.30593065798 1.30768285677 -8.64122696042 -0.00241464550819 -0.00429064770048 0.0275084317226
0.162865622174 2.47165898681 -10.1213502002 -0.00104016388268 0.00100300582849 0.0308518016058
-0.287403568011 2.27527250156 -10.6386802661 -0.000501502914244 0.00133734106131 0.0297744967688
-0.910103109553 2.36149261996 -10.0351294971 -0.00118874369449 0.000390063634129 0.0309446710264
-1.92080785677 2.08366363004 -10.140509187 -0.000798697550356 0.00014859733431 0.0289386594995
-3.34344434202 2.81653916806 -9.58487050295 -0.00193171297357 -0.001095874794 0.0300531029501
7.62574452639 2.19383979097 -8.61249315798 0.00157880732861 0.00464355321539 0.0299045068836
7.05572461545 2.40459770903 -8.22928535521 0.000872996233766 0.00410490963942 0.0312975752409
6.79227714479 1.94954136685 -8.75140312135 0.000947277427177 0.00421634888703 0.029848794802
5.23072148681 2.3327493158 -8.47358377934 0.000204308245624 0.00367770531106 0.0317990796831
3.90866690487 2.16509648681 -9.33578437865 0.000780109843278 0.00332478237117 0.0302945705178
2.61056865782 2.35190830261 -9.40763321042 3.7140604833e-05 0.00234034695481 0.0311489958192
10.9260837793 0.536479477957 -10.5811939502 0.00209888055747 0.00570228718512 0.028882930773
10.4566552734 1.02506653212 -9.87706171632 0.00133734106131 0.00564655897886 0.0316133408418
10.3177464795 1.72920863315 -9.45074823976 0.00202459942907 0.00579515608561 0.0305360360048
9.12502675295 1.96391294584 -8.80887949705 0.00146736808101 0.00553511973126 0.0317247795693
8.78972051024 2.0597173816 -8.64122696042 0.00185743171514 0.00540509245148 0.0297187680424
7.21380292118 -0.531692179777 -9.53696835816 0.00159737767573 0.00438351634089 0.0306289054255
8.29155937135 -0.804724077433 -10.3225330102 0.00235893472691 0.00479215032214 0.028882930773
9.1298138684 -0.82388306424 -10.0495007837 0.00185743171514 0.00520078430338 0.0308332302183
9.78125684202 -1.17356052049 -10.8206947339 0.00265611177549 0.00560941828463 0.028678622625
10.0447142529 -0.450259396099 -10.6195212793 0.00182027372596 0.00573944556441 0.0312790059341
2.40459770903 -2.30880306736 -9.58007344723 0.00133734106131 0.000872996233766 0.0274712910283
3.77455458194 -1.63340419739 -9.60402948976 0.000947277427177 0.00131877084423 0.0295701719759
4.64633964479 -1.81063169584 -9.28788223386 0.00170883447835 0.0021546090238 0.0273226928813
5.2115625 -0.804724077433 -9.12022969723 0.00128163014999 0.00274898093606 0.0303502992442
5.10139627934 -0.665814479515 -9.29267928958 0.00226604814137 0.00325048381779 0.0278241952429
5.85821835816 -0.435897538103 -9.4363763684 0.00169024670626 0.00323191347068 0.0300159622558
-2.39502318576 -2.82133651614 -10.4997609472 -0.000315764983228 -0.00286043760864 0.0266354516784
-1.38431851164 -2.03577113315 -10.6434679663 -0.000631529966456 -0.00208031034039 0.0297001987355
-0.541276570223 -2.88360059202 -10.4087537134 0.000408633948736 -0.0012259018137 0.0272855521871
-0.0958044631686 -2.46208446354 -10.6722105396 0.000315764983228 -0.00102157611059 0.0289386594995
0.924474761635 -2.9985638684 -10.3416919971 0.0010773045119 -0.000315764983228 0.0262825474639
-6.8305951184 0.66102721788 -10.2602589941 -0.00304617540962 -0.0064081159 0.0292172656808
-5.85821835816 -0.890944195837 -9.58487050295 -0.00191314262645 -0.00559084793751 0.0269697865862
-5.40316172361 -0.273031915929 -10.2027820337 -0.00219176701297 -0.00549797903702 0.0290872555659
-4.71340077639 -1.73399604097 -10.0351294971 -0.00131877084423 -0.00436494651392 0.0262268187375
-3.85119023681 -0.87178528212 -10.6530421972 -0.00183884394304 -0.00425350700624 0.0292729944072
-7.08925547361 -0.124537945837 -10.0782445264 -0.00310190387595 -0.00644525659424 0.0270626560068
-7.17547559202 0.474215402082 -10.6290955102 -0.00371484600529 -0.00657528335386 0.0288086306592
-6.72521601319 -0.775990640447 -10.1548804736 -0.00315761465723 -0.00586945515913 0.0264682842246
-6.87849726319 0.900528586283 -10.6099365234 -0.00364054745192 -0.00620379006685 0.0293658638278
-6.69168573976 -0.0479022315843 -9.90100723386 -0.00261897134134 -0.00609235081925 0.0269512172793
-6.92639940798 0.51253326606 -10.5859910059 -0.00300901755048 -0.00642668624712 0.0286043225111
-6.07377303958 2.27527250156 -9.72856699705 -0.00282327948943 -0.00456925466202 0.0271555254274
-6.11687812865 2.91713115782 -9.88663594723 -0.0034919500851 -0.00490358956974 0.029663039316
-6.52881973386 0.958005327433 -9.68546190798 -0.00267468212261 -0.00566514701103 0.0275827297558
-6.97429219723 1.11128657743 -10.5907775366 -0.00326907158989 -0.0058323144649 0.0288086306592
-6.5048736316 -0.258660263848 -10.3752222705 -0.00323191347068 -0.00588802550625 0.0268211905197
-1.35558500156 2.73511639774 -10.4135402441 -0.00219176701297 -0.00061294219436 0.0307032034587
-2.12199125156 2.31837773681 -9.75252303958 -0.00169024670626 -0.0013930693976 0.0285300244779
-2.4189694342 2.81653916806 -10.1261472559 -0.0021546090238 -0.00143021009183 0.0299230949158
-3.55421190798 2.47165898681 -9.53218065798 -0.00204316964615 -0.00226604814137 0.0279727933899
-3.93262294739 3.1853756842 -9.58007344723 -0.0027861387952 -0.00280470914231 0.0297373394298
3.70269610226 2.02139955416 -8.15743710816 -0.000167167632663 0.00187600206225 0.0297373394298
2.93150273681 2.14115023836 -8.35382344723 -0.000742969214063 0.00198744130986 0.0306474747323
1.78189818576 2.01181523681 -8.4975298816 -0.000575801565145 0.00148593842813 0.0291058269533
0.833467381597 2.34233363315 -8.97174550295 -0.0012630423779 0.00141163974472 0.030926099639
-0.287403568011 2.22737035677 -9.33578437865 -0.000761539496161 9.2868965508e-05 0.0294958718621
7.68800860226 0.296978127826 -9.92016622066 0.000501502914244 0.00377057447162 0.0300902623697
7.96104082882 0.680186131597 -9.47949139774 0.000260036598171 0.00356624863848 0.0290315268395
6.75395917118 1.18793217257 -8.4975298816 -0.000185737931016 0.00360340675769 0.0307960728793
6.15040898681 1.56155580416 -8.89509961545 0.000241466299818 0.00280470914231 0.0299416642226
5.42232071042 1.82021601319 -8.38735372066 -0.00014859733431 0.00310190387595 0.0304617379716
5.09659922361 1.91122339323 -8.4975298816 -0.000352905579934 0.00263754168845 0.0290872555659
7.75506973386 -1.83458773836 -10.2267287207 0.000297194668621 0.00312047422307 0.0293844331346
8.32030252934 -1.70525273681 -10.6386802661 0.000705828584848 0.00274898093606 0.0291615369544
7.65447832882 -1.26936488315 -10.6530421972 0.000445774545442 0.00313904457019 0.0296258986217
7.75986678958 -0.87178528212 -10.4518687427 0.000538660968439 0.00286043760864 0.0285857365596
7.22816485226 0.0 -9.05796562135 -0.00061294219436 0.00451354362067 0.0295887579275
0.35925201606 2.29443148836 -5.38878985226 0.00261897134134 0.0052750833769 -0.0200415979774
4.25355702639 1.1927194342 -9.21124687135 -0.00135591140842 -0.00013002702783 0.0102715418471
-4.5984375 -0.435897538103 -10.9452427661 0.00146736808101 -0.00143021009183 -0.00182027372596
3.60690146059 1.93517943576 -9.27351094723 0.000742969214063 0.00276756870815 -0.00380771490578
-1.76272940487 -0.45984375 -9.66630292118 0.000445774545442 -0.000482932599637 0.00605519296011
1.72441157743 -0.852626368403 -9.77168202639 0.00102157611059 0.00100300582849 -0.00492217760191
-0.364039277695 0.704132380038 -10.7584312427 -0.000650100248555 -0.000891566515864 0.00471785176876
0.445472097918 0.431100445837 -9.35015625 0.000780109843278 0.00128163014999 -0.00172740469543
0.450259396099 0.134122318011 -9.68546190798 0.000557231283047 5.57283647387e-05 0.000928707145079
0.071848438913 -0.239501331858 -9.7237798816 0.000501502914244 0.0 0.000742969214063
0.546063831858 -0.0574767913995 -10.1069777441 7.42986671552e-05 0.000204308245624 -0.000352905579934
0.35925201606 0.680186131597 -9.61840077639 3.7140604833e-05 0.000334335265326 0.000538660968439
0.502958706245 0.081432811087 -9.81478770018 0.000538660968439 0.000241466299818 0.00013002702783
0.3065625 -0.229916977957 -9.78125684202 0.000371493319521 -7.42986671552e-05 0.000427204230834
0.522117619962 -0.0670611590054 -10.0590855396 5.57283647387e-05 -3.7140604833e-05 0.000278606896524
0.239501331858 0.148493970092 -10.0015992236 7.42986671552e-05 -7.42986671552e-05 0.000482932599637
0.397569880038 0.15328125 -10.0782445264 0.000334335265326 -3.7140604833e-05 0.000408633948736
0.220342418142 -0.148493970092 -10.0447142529 0.000315764983228 9.2868965508e-05 0.000352905579934
0.426313184202 -0.0191589297052 -9.98244023681 0.0 9.2868965508e-05 0.000334335265326
0.368836369962 0.167652902082 -9.92975097656 0.00013002702783 0.000111439271988 0.000352905579934
0.40715423394 0.0383178594103 -9.91537852049 0.000315764983228 0.0 0.000371493319521
0.282616288103 -0.0191589297052 -10.1117747998 0.000222896001466 -1.85703024165e-05 0.000315764983228
0.387995320223 0.071848438913 -9.99681152344 1.85703024165e-05 1.85703024165e-05 0.000352905579934
0.268244636022 0.239501331858 -9.98722793698 0.000241466299818 3.7140604833e-05 0.000371493319521
0.368836369962 -0.0670611590054 -9.85790272951 0.000371493319521 5.57283647387e-05 0.000278606896524
0.282616288103 0.0 -9.99681152344 0.000167167632663 1.85703024165e-05 0.000297194668621
0.368836369962 0.0287432995951 -9.94412226319 0.000111439271988 7.42986671552e-05 0.000334335265326
0.335305804163 0.196396206245 -9.95849354982 0.000241466299818 -1.85703024165e-05 0.000371493319521
0.320934152082 -0.0574767913995 -10.0063962793 0.000260036598171 0.00013002702783 0.000334335265326
0.373623668142 0.0143716497975 -10.0111839795 0.000111439271988 -1.85703024165e-05 0.000352905579934
0.3065625 0.124537945837 -9.9728660059 0.000185737931016 0.00014859733431 0.000315764983228
0.35446471788 0.0766357188206 -9.92496327639 0.000260036598171 3.7140604833e-05 0.000371493319521
0.340093065798 -0.0191589297052 -10.0159705102 0.000297194668621 5.57283647387e-05 0.000315764983228
0.383198227957 -0.0191589297052 -9.92975097656 0.000111439271988 5.57283647387e-05 0.000334335265326
0.330508711897 0.162865622174 -10.0159705102 0.00014859733431 9.2868965508e-05 0.000297194668621
0.378410929777 0.0479022315843 -9.90100723386 0.000260036598171 5.57283647387e-05 0.000371493319521
0.335305804163 0.0383178594103 -9.9536964941 0.000204308245624 5.57283647387e-05 0.000352905579934
0.35925201606 0.00958436988993 -9.91537852049 0.000185737931016 9.2868965508e-05 0.000371493319521
0.383198227957 0.110166302891 -9.95849354982 0.00014859733431 3.7140604833e-05 0.000315764983228
0.35925201606 0.0622738790978 -9.96328125 0.000222896001466 5.57283647387e-05 0.000371493319521
0.344880363978 -0.0143716497975 -9.93933456302 0.000278606896524 5.57283647387e-05 0.000390063634129
0.320934152082 0.071848438913 -9.98722793698 0.000185737931016 5.57283647387e-05 0.000371493319521
0.335305804163 0.0862200909946 -9.9536964941 0.000167167632663 5.57283647387e-05 0.000371493319521
0.3065625 0.0766357188206 -9.98244023681 0.000222896001466 5.57283647387e-05 0.000371493319521
0.364039277695 -0.0287432995951 -9.92496327639 0.000204308245624 5.57283647387e-05 0.000352905579934
0.330508711897 0.0670611590054 -9.9728660059 0.00013002702783 5.57283647387e-05 0.000352905579934
0.364039277695 0.0862200909946 -9.96328125 0.000222896001466 3.7140604833e-05 0.000334335265326
0.340093065798 0.0958044631686 -9.9728660059 0.000222896001466 -1.85703024165e-05 0.000371493319521
0.330508711897 0.0383178594103 -9.98722793698 0.000185737931016 7.42986671552e-05 0.000352905579934
0.335305804163 0.0335305795027 -9.95849354982 0.00014859733431 1.85703024165e-05 0.000352905579934
0.368836369962 0.0526895114919 -9.95849354982 0.000222896001466 7.42986671552e-05 0.000352905579934
0.383198227957 0.0143716497975 -9.95849354982 0.000222896001466 1.85703024165e-05 0.000352905579934
0.335305804163 0.0431149516767 -9.99681152344 0.000204308245624 5.57283647387e-05 0.000334335265326
0.368836369962 0.0383178594103 -9.98722793698 0.000185737931016 5.57283647387e-05 0.000352905579934
0.316146853901 0.0766357188206 -10.0159705102 0.000204308245624 5.57283647387e-05 0.000371493319521
0.378410929777 0.00478727990761 -9.98722793698 0.000222896001466 9.2868965508e-05 0.000315764983228
0.320934152082 0.0526895114919 -10.0063962793 0.000204308245624 0.0 0.000297194668621
0.349677456245 0.0479022315843 -9.94412226319 0.000204308245624 0.000111439271988 0.000334335265326
0.349677456245 0.0526895114919 -9.96328125 0.000241466299818 1.85703024165e-05 0.000352905579934
0.368836369962 0.0239462096128 -9.9920249927 0.000222896001466 -1.85703024165e-05 0.000334335265326
0.368836369962 0.0431149516767 -10.0399171972 0.00013002702783 1.85703024165e-05 0.000352905579934
0.364039277695 0.0670611590054 -9.97765253663 0.000204308245624 5.57283647387e-05 0.000371493319521
0.373623668142 0.0479022315843 -9.9920249927 0.000260036598171 5.57283647387e-05 0.000371493319521
0.335305804163 0.0622738790978 -10.0015992236 0.000222896001466 7.42986671552e-05 0.000352905579934
0.344880363978 0.0335305795027 -9.93933456302 0.000204308245624 9.2868965508e-05 0.000371493319521
0.35925201606 0.0383178594103 -9.99681152344 0.000185737931016 1.85703024165e-05 0.000334335265326
0.344880363978 0.0670611590054 -9.94412226319 0.000167167632663 7.42986671552e-05 0.000352905579934
0.373623668142 0.0383178594103 -9.98244023681 0.000204308245624 -3.7140604833e-05 0.000352905579934
0.340093065798 0.0335305795027 -9.97765253663 0.000204308245624 7.42986671552e-05 0.000352905579934
0.330508711897 0.0622738790978 -10.0015992236 0.000185737931016 5.57283647387e-05 0.000334335265326
0.335305804163 0.0431149516767 -9.99681152344 0.000204308245624 5.57283647387e-05 0.000334335265326
0.344880363978 0.0143716497975 -10.0111839795 0.000204308245624 3.7140604833e-05 0.000334335265326
0.349677456245 0.0383178594103 -9.9920249927 0.000167167632663 7.42986671552e-05 0.000334335265326
0.35925201606 0.0431149516767 -9.95849354982 0.000167167632663 7.42986671552e-05 0.000334335265326
0.344880363978 0.0622738790978 -9.95849354982 0.000222896001466 3.7140604833e-05 0.000352905579934
0.368836369962 0.00958436988993 -9.97765253663 0.000241466299818 3.7140604833e-05 0.000315764983228
0.292190847918 0.0191589297052 -9.97765253663 0.000204308245624 3.7140604833e-05 0.000315764983228
0.35446471788 0.0431149516767 -9.99681152344 0.000204308245624 5.57283647387e-05 0.000334335265326
0.325721413717 0.081432811087 -9.9728660059 0.000204308245624 3.7140604833e-05 0.000278606896524
0.330508711897 0.0239462096128 -9.96806895018 0.000204308245624 7.42986671552e-05 0.000371493319521
0.340093065798 0.071848438913 -9.97765253663 0.000185737931016 1.85703024165e-05 0.000315764983228
0.364039277695 0.071848438913 -9.96328125 0.000185737931016 7.42986671552e-05 0.000352905579934
0.373623668142 0.0526895114919 -9.9345375073 0.000241466299818 7.42986671552e-05 0.000390063634129
0.373623668142 0.0526895114919 -9.97765253663 0.000204308245624 3.7140604833e-05 0.000352905579934
0.335305804163 0.0431149516767 -9.9920249927 0.000204308245624 3.7140604833e-05 0.000334335265326
0.340093065798 0.0431149516767 -9.98722793698 0.000185737931016 3.7140604833e-05 0.000352905579934
0.31134979818 0.0287432995951 -10.0015992236 0.000204308245624 3.7140604833e-05 0.000371493319521
0.325721413717 0.0526895114919 -9.97765253663 0.00014859733431 7.42986671552e-05 0.000371493319521
0.35925201606 0.0670611590054 -9.9345375073 0.000204308245624 7.42986671552e-05 0.000334335265326
0.373623668142 0.0479022315843 -9.96806895018 0.000185737931016 7.42986671552e-05 0.000390063634129
0.330508711897 0.0431149516767 -9.98244023681 0.000167167632663 7.42986671552e-05 0.000297194668621
0.340093065798 0.0574767913995 -10.0159705102 0.000204308245624 -3.7140604833e-05 0.000334335265326
0.320934152082 0.0670611590054 -10.0255552661 0.000222896001466 3.7140604833e-05 0.000334335265326
0.349677456245 0.00958436988993 -9.9920249927 0.000204308245624 3.7140604833e-05 0.000352905579934
0.378410929777 0.0143716497975 -10.0111839795 0.00014859733431 9.2868965508e-05 0.000334335265326
0.364039277695 0.0526895114919 -9.91059198976 0.000185737931016 7.42986671552e-05 0.000352905579934
0.35446471788 0.0910073709022 -9.97765253663 0.000167167632663 5.57283647387e-05 0.000352905579934
0.373623668142 0.0191589297052 -9.95849354982 0.000204308245624 5.57283647387e-05 0.000315764983228
0.340093065798 0.0479022315843 -9.94890996337 0.000185737931016 3.7140604833e-05 0.000315764983228
0.349677456245 0.0574767913995 -9.99681152344 0.000204308245624 7.42986671552e-05 0.000315764983228
0.340093065798 0.0431149516767 -9.9728660059 0.000185737931016 1.85703024165e-05 0.000334335265326
0.373623668142 0.0239462096128 -9.96806895018 0.000222896001466 5.57283647387e-05 0.000352905579934
0.3065625 0.0479022315843 -9.98722793698 0.000185737931016 1.85703024165e-05 0.000334335265326
0.340093065798 0.0670611590054 -9.9728660059 0.00014859733431 3.7140604833e-05 0.000352905579934
0.344880363978 0.0766357188206 -9.93933456302 0.000167167632663 7.42986671552e-05 0.000371493319521
0.349677456245 0.0526895114919 -9.98244023681 0.000167167632663 5.57283647387e-05 0.000352905579934
0.383198227957 0.071848438913 -9.94412226319 0.000222896001466 5.57283647387e-05 0.000297194668621
0.335305804163 0.0526895114919 -10.0207582104 0.000222896001466 3.7140604833e-05 0.000390063634129
0.330508711897 0.0479022315843 -10.0159705102 0.000185737931016 3.7140604833e-05 0.000352905579934
0.344880363978 0.00958436988993 -9.97765253663 0.000185737931016 3.7140604833e-05 0.000334335265326
0.320934152082 0.081432811087 -9.9345375073 0.000167167632663 0.0 0.000334335265326
0.335305804163 0.0239462096128 -9.98722793698 0.000167167632663 7.42986671552e-05 0.000371493319521
0.316146853901 0.0383178594103 -10.0111839795 0.000185737931016 9.2868965508e-05 0.000371493319521
0.368836369962 0.0431149516767 -9.96806895018 0.000167167632663 5.57283647387e-05 0.000315764983228
0.320934152082 0.0574767913995 -10.0015992236 0.000167167632663 3.7140604833e-05 0.000371493319521
0.364039277695 0.081432811087 -9.94890996337 0.000241466299818 7.42986671552e-05 0.000352905579934
0.349677456245 0.0479022315843 -9.96328125 0.000204308245624 3.7140604833e-05 0.000352905579934
0.368836369962 0.0335305795027 -9.96328125 0.000222896001466 1.85703024165e-05 0.000390063634129
0.35925201606 0.0574767913995 -9.9728660059 0.000204308245624 1.85703024165e-05 0.000334335265326
0.373623668142 0.0431149516767 -9.98244023681 0.000222896001466 5.57283647387e-05 0.000334335265326
0.330508711897 0.0574767913995 -9.9345375073 0.000167167632663 5.57283647387e-05 0.000352905579934
0.35446471788 0.0383178594103 -9.96328125 0.000185737931016 5.57283647387e-05 0.000297194668621
0.344880363978 0.0670611590054 -9.99681152344 0.00014859733431 0.0 0.000352905579934
0.35925201606 0.0335305795027 -9.92016622066 0.000185737931016 9.2868965508e-05 0.000352905579934
0.325721413717 0.0383178594103 -9.98244023681 0.000204308245624 1.85703024165e-05 0.000334335265326
0.383198227957 0.0191589297052 -9.9536964941 0.000185737931016 5.57283647387e-05 0.000352905579934
0.330508711897 0.0335305795027 -9.96806895018 0.000167167632663 3.7140604833e-05 0.000334335265326
0.364039277695 0.0862200909946 -10.0063962793 0.000204308245624 9.2868965508e-05 0.000297194668621
0.316146853901 0.0574767913995 -10.0063962793 0.000241466299818 3.7140604833e-05 0.000334335265326
0.340093065798 0.0143716497975 -9.97765253663 0.000167167632663 3.7140604833e-05 0.000297194668621
0.340093065798 0.0862200909946 -9.93933456302 0.000185737931016 5.57283647387e-05 0.000352905579934
0.344880363978 0.0574767913995 -9.99681152344 0.000222896001466 1.85703024165e-05 0.000334335265326
0.35446471788 0.0143716497975 -10.0111839795 0.000204308245624 1.85703024165e-05 0.000334335265326
0.349677456245 0.0191589297052 -9.99681152344 0.000185737931016 3.7140604833e-05 0.000334335265326
0.344880363978 0.0958044631686 -9.96806895018 0.000167167632663 5.57283647387e-05 0.000334335265326
0.378410929777 0.0 -10.0063962793 0.000222896001466 3.7140604833e-05 0.000371493319521
0.344880363978 0.0191589297052 -9.9728660059 0.000185737931016 3.7140604833e-05 0.000390063634129
0.330508711897 0.0383178594103 -9.9728660059 0.000204308245624 5.57283647387e-05 0.000315764983228
0.349677456245 0.081432811087 -9.9728660059 0.000222896001466 3.7140604833e-05 0.000334335265326
0.378410929777 0.0239462096128 -10.0255552661 0.000222896001466 5.57283647387e-05 0.000334335265326
0.35446471788 -0.0431149516767 -9.98722793698 0.000185737931016 3.7140604833e-05 0.000315764983228
0.392782581858 0.105379022984 -9.94412226319 0.00013002702783 3.7140604833e-05 0.000315764983228
0.35925201606 0.110166302891 -9.9536964941 0.000222896001466 1.85703024165e-05 0.000297194668621
0.35446471788 -0.0287432995951 -10.0207582104 0.000241466299818 3.7140604833e-05 0.000371493319521
0.320934152082 0.0143716497975 -9.98722793698 0.00013002702783 3.7140604833e-05 0.000315764983228
0.35925201606 0.0958044631686 -9.97765253663 0.000185737931016 3.7140604833e-05 0.000297194668621
0.349677456245 0.081432811087 -10.0351294971 0.000278606896524 3.7140604833e-05 0.000371493319521
-0.622709390447 -0.0958044631686 -11.5056785059 0.000464362285029 -0.000742969214063 0.000334335265326
2.03097407743 -0.402366972305 -9.69024960816 -1.85703024165e-05 0.000835838179571 0.000501502914244
1.30288565487 0.177227461897 -10.1548804736 0.000260036598171 -0.000817267897472 0.000427204230834
0.617912261635 -0.335305804163 -10.9356580102 0.000315764983228 -0.000854408461669 0.000352905579934
0.364039277695 -0.35446471788 -10.5620349634 9.2868965508e-05 -0.000334335265326 0.000408633948736
0.45505645182 0.249085704032 -10.4614429736 0.0 -3.7140604833e-05 0.000278606896524
0.426313184202 0.20597076606 -9.63277264774 0.000222896001466 0.000445774545442 0.000352905579934
0.450259396099 0.0335305795027 -9.61840077639 0.000260036598171 0.000204308245624 0.000334335265326
0.316146853901 0.0479022315843 -9.80521288455 0.000111439271988 -0.00013002702783 0.000352905579934
0.35925201606 0.191599113978 -10.0830322266 0.000185737931016 -9.2868965508e-05 0.000260036598171
0.287403568011 0.0670611590054 -10.1596775293 0.000222896001466 -7.42986671552e-05 0.000427204230834
0.263447543755 0.0 -10.1117747998 0.000278606896524 7.42986671552e-05 0.000390063634129
0.349677456245 0.0143716497975 -9.77646914184 0.000167167632663 0.000297194668621 0.000315764983228
0.445472097918 0.071848438913 -9.98244023681 0.000167167632663 -7.42986671552e-05 0.000315764983228
0.368836369962 0.0526895114919 -9.95849354982 0.000260036598171 3.7140604833e-05 0.000278606896524
0.35446471788 0.0335305795027 -10.0447142529 0.000204308245624 -1.85703024165e-05 0.000334335265326
0.3065625 0.0143716497975 -10.0303429663 0.000167167632663 3.7140604833e-05 0.000297194668621
0.349677456245 0.143696877826 -9.9345375073 0.000167167632663 3.7140604833e-05 0.000371493319521
0.35446471788 0.00958436988993 -9.89621953368 0.000241466299818 0.000185737931016 0.000334335265326
0.383198227957 0.00478727990761 -9.98244023681 0.000185737931016 -1.85703024165e-05 0.000390063634129
0.282616288103 0.0383178594103 -10.0255552661 0.00013002702783 5.57283647387e-05 0.000315764983228
0.330508711897 0.0862200909946 -9.98722793698 0.000222896001466 -5.57283647387e-05 0.000390063634129
0.383198227957 0.00478727990761 -9.93933456302 0.000260036598171 7.42986671552e-05 0.000297194668621
0.158068529908 0.0 -9.54655252934 0.00013002702783 0.00013002702783 0.000408633948736
1.27415229097 -0.167652902082 -8.01374002934 -0.000167167632663 0.000705828584848 0.000352905579934
-0.0910073709022 -0.110166302891 -11.1847435498 0.000167167632663 -0.00425350700624 0.000297194668621
-1.02027927049 0.50774596788 -12.8420947266 0.000371493319521 -0.00148593842813 0.000222896001466
1.12087096788 0.613125 -9.20166211545 0.000241466299818 0.00217317924088 0.000278606896524
1.02027927049 -0.258660263848 -8.44484062135 9.2868965508e-05 0.00157880732861 0.000520073196343
0.665814479515 0.210758045968 -8.78493339479 0.000222896001466 0.000334335265326 0.000297194668621
0.522117619962 0.0958044631686 -9.62797559202 0.000315764983228 -0.000575801565145 0.000352905579934
0.182024554163 -0.191599113978 -10.3704357398 0.000185737931016 -0.000761539496161 0.000427204230834
0.0958044631686 0.0958044631686 -10.5380882764 0.000111439271988 -0.000427204230834 0.000278606896524
0.296978127826 0.143696877826 -10.0159705102 0.00013002702783 0.000371493319521 0.000334335265326
0.522117619962 0.0143716497975 -9.74772598386 0.000260036598171 0.000427204230834 0.000334335265326
0.517320527695 -0.0239462096128 -9.76688497066 0.000167167632663 0.000222896001466 0.000427204230834
0.387995320223 0.0431149516767 -9.76209785521 0.00014859733431 -5.57283647387e-05 0.000352905579934
0.325721413717 0.105379022984 -9.97765253663 0.000185737931016 -0.000204308245624 0.000315764983228
0.316146853901 0.0239462096128 -10.1021912134 0.000297194668621 1.85703024165e-05 0.000390063634129
0.244288611766 0.0 -10.140509187 0.000167167632663 3.7140604833e-05 0.000408633948736
0.378410929777 0.0622738790978 -9.92496327639 0.000111439271988 0.000111439271988 0.000334335265326
0.35446471788 0.119750665929 -9.94412226319 0.000185737931016 7.42986671552e-05 0.000352905579934
0.340093065798 0.0239462096128 -9.95849354982 0.000260036598171 3.7140604833e-05 0.000352905579934
0.335305804163 0.0239462096128 -10.0351294971 0.00013002702783 0.0 0.000390063634129
0.330508711897 0.110166302891 -10.0063962793 0.00013002702783 3.7140604833e-05 0.000315764983228
0.340093065798 0.0766357188206 -9.98722793698 0.000278606896524 0.0 0.000334335265326
0.378410929777 -0.00478727990761 -10.0159705102 0.000222896001466 0.000111439271988 0.000297194668621
0.41194153212 0.0 -9.98244023681 0.000167167632663 0.00013002702783 0.000408633948736
0.316146853901 0.0910073709022 -9.94890996337 0.000167167632663 9.2868965508e-05 0.000334335265326
-0.737662945837 0.15328125 -12.4109935498 0.000520073196343 -0.00211746832956 0.000390063634129
-0.258660263848 0.0526895114919 -10.0351294971 0.000111439271988 0.00293473616202 0.000538660968439
0.87178528212 -0.00958436988993 -6.89286913455 -3.7140604833e-05 0.00276756870815 0.000464362285029
0.943633675352 0.201183486152 -7.96583788455 0.000241466299818 0.000222896001466 0.00013002702783
0.584381695837 0.172440181989 -9.76209785521 0.000315764983228 -0.00152307899232 0.000352905579934
-0.071848438913 -0.0670611590054 -11.5344117236 0.000111439271988 -0.0010773045119 0.000390063634129
-0.129335038103 -0.081432811087 -10.8254917896 3.7140604833e-05 3.7140604833e-05 0.000464362285029
0.201183486152 0.110166302891 -10.092615813 0.000241466299818 0.000705828584848 9.2868965508e-05
0.704132380038 0.0239462096128 -9.51302167118 0.000185737931016 0.000910136862981 0.000390063634129
0.728088422567 0.134122318011 -9.47469434202 0.00013002702783 0.000464362285029 0.000334335265326
0.282616288103 0.100591743076 -9.91537852049 0.000241466299818 -0.000334335265326 0.000445774545442
0.258660263848 0.071848438913 -10.2075697339 0.000260036598171 -0.000371493319521 0.000297194668621
0.263447543755 0.0 -10.2794285059 0.000297194668621 -1.85703024165e-05 0.000315764983228
0.273031915929 -0.0239462096128 -10.0638732398 0.00013002702783 0.000222896001466 0.000390063634129
0.220342418142 0.0574767913995 -9.92496327639 0.000167167632663 9.2868965508e-05 0.000260036598171
0.469428103901 0.0143716497975 -9.84831797361 0.000278606896524 0.0 0.000297194668621
0.344880363978 -0.0335305795027 -9.9536964941 0.000204308245624 -1.85703024165e-05 0.000334335265326
0.325721413717 0.0862200909946 -9.99681152344 0.000111439271988 1.85703024165e-05 0.000278606896524
0.373623668142 0.148493970092 -9.97765253663 0.000222896001466 3.7140604833e-05 0.000334335265326
0.45505645182 0.0335305795027 -9.89621953368 0.000260036598171 0.000167167632663 0.000371493319521
0.35446471788 0.0239462096128 -9.9536964941 0.00014859733431 0.0 0.000408633948736
0.344880363978 0.0479022315843 -9.9920249927 0.000185737931016 0.0 0.000408633948736
0.225129698049 0.0335305795027 -10.1213502002 0.000241466299818 -7.42986671552e-05 0.000297194668621
0.3065625 0.00958436988993 -9.92016622066 0.000241466299818 9.2868965508e-05 0.000278606896524
0.378410929777 0.100591743076 -10.0495007837 0.000167167632663 9.2868965508e-05 0.000315764983228
0.325721413717 0.0479022315843 -9.94412226319 0.000260036598171 0.00013002702783 0.000334335265326
0.344880363978 0.0383178594103 -9.96328125 0.000185737931016 5.57283647387e-05 0.000352905579934
0.320934152082 0.0862200909946 -9.97765253663 0.000204308245624 1.85703024165e-05 0.000315764983228
0.402366972305 0.0383178594103 -9.96806895018 0.000222896001466 3.7140604833e-05 0.000371493319521
0.31134979818 0.0287432995951 -9.9728660059 0.000167167632663 3.7140604833e-05 0.000371493319521
0.330508711897 0.0670611590054 -10.0111839795 0.000204308245624 0.0 0.000371493319521
0.392782581858 0.0431149516767 -9.99681152344 0.000222896001466 9.2868965508e-05 0.000334335265326
0.344880363978 0.0239462096128 -9.94412226319 0.000167167632663 3.7140604833e-05 0.000352905579934
0.301775220092 0.0383178594103 -9.97765253663 0.00013002702783 5.57283647387e-05 0.000334335265326
0.392782581858 0.0526895114919 -9.9536964941 0.000167167632663 0.0 0.000352905579934
0.340093065798 0.0431149516767 -9.92975097656 0.000222896001466 9.2868965508e-05 0.000408633948736
0.344880363978 0.0431149516767 -9.98244023681 0.000185737931016 1.85703024165e-05 0.000371493319521
0.335305804163 0.0766357188206 -9.98722793698 0.000185737931016 5.57283647387e-05 0.000334335265326
0.340093065798 0.0479022315843 -9.98722793698 0.000241466299818 3.7140604833e-05 0.000334335265326
0.344880363978 0.0622738790978 -9.96328125 0.000204308245624 3.7140604833e-05 0.000334335265326
0.378410929777 0.0479022315843 -9.98244023681 0.000204308245624 5.57283647387e-05 0.000352905579934
0.320934152082 0.0383178594103 -9.96328125 0.000222896001466 7.42986671552e-05 0.000334335265326
0.373623668142 0.0335305795027 -9.92975097656 0.000185737931016 0.0 0.000352905579934
0.349677456245 0.0431149516767 -9.98722793698 0.000167167632663 9.2868965508e-05 0.000334335265326
0.320934152082 0.0526895114919 -10.0015992236 0.000204308245624 3.7140604833e-05 0.000334335265326
0.349677456245 0.0335305795027 -9.99681152344 0.000204308245624 5.57283647387e-05 0.000334335265326
0.340093065798 0.00958436988993 -9.9728660059 0.000167167632663 7.42986671552e-05 0.000390063634129
0.340093065798 0.0431149516767 -9.9728660059 0.000185737931016 5.57283647387e-05 0.000334335265326
0.402366972305 0.0670611590054 -9.95849354982 0.000204308245624 0.0 0.000315764983228
0.373623668142 0.0622738790978 -9.9728660059 0.000204308245624 3.7140604833e-05 0.000334335265326
0.364039277695 -0.00958436988993 -9.93933456302 0.000204308245624 3.7140604833e-05 0.000334335265326
0.320934152082 0.0574767913995 -9.97765253663 0.00013002702783 7.42986671552e-05 0.000334335265326
0.344880363978 0.100591743076 -9.98244023681 0.000185737931016 1.85703024165e-05 0.000408633948736
0.335305804163 0.0766357188206 -9.94890996337 0.000278606896524 3.7140604833e-05 0.000371493319521
0.368836369962 -0.00478727990761 -9.9536964941 0.000185737931016 3.7140604833e-05 0.000334335265326
0.335305804163 0.0239462096128 -9.9920249927 0.000167167632663 1.85703024165e-05 0.000390063634129
0.320934152082 0.0766357188206 -10.0063962793 0.000204308245624 1.85703024165e-05 0.000334335265326
0.316146853901 0.0574767913995 -9.9728660059 0.000241466299818 5.57283647387e-05 0.000371493319521
0.378410929777 0.00958436988993 -9.95849354982 0.000204308245624 3.7140604833e-05 0.000371493319521
0.335305804163 0.0574767913995 -9.95849354982 0.000167167632663 3.7140604833e-05 0.000315764983228
0.378410929777 0.105379022984 -9.93933456302 0.000185737931016 3.7140604833e-05 0.000390063634129
0.330508711897 0.0574767913995 -9.95849354982 0.000204308245624 3.7140604833e-05 0.000315764983228
0.364039277695 0.0191589297052 -10.0303429663 0.000185737931016 7.42986671552e-05 0.000371493319521
0.340093065798 0.0383178594103 -10.0063962793 0.000204308245624 5.57283647387e-05 0.000352905579934
0.349677456245 0.0479022315843 -9.98244023681 0.000204308245624 9.2868965508e-05 0.000371493319521
0.320934152082 0.0383178594103 -9.98244023681 0.000204308245624 5.57283647387e-05 0.000371493319521
0.344880363978 0.0143716497975 -10.0111839795 0.000185737931016 0.0 0.000390063634129
0.330508711897 0.0958044631686 -9.96328125 0.000167167632663 5.57283647387e-05 0.000334335265326
0.349677456245 0.0431149516767 -9.9920249927 0.000185737931016 1.85703024165e-05 0.000408633948736
0.3065625 0.0479022315843 -9.98244023681 0.000204308245624 7.42986671552e-05 0.000334335265326
0.344880363978 0.0191589297052 -9.9728660059 0.000167167632663 5.57283647387e-05 0.000352905579934
0.340093065798 0.0335305795027 -9.96806895018 0.000222896001466 9.2868965508e-05 0.000352905579934
0.368836369962 0.0239462096128 -9.93933456302 0.000185737931016 1.85703024165e-05 0.000352905579934
0.35446471788 0.0431149516767 -9.96328125 0.000222896001466 5.57283647387e-05 0.000315764983228
0.368836369962 0.0239462096128 -10.0015992236 0.000167167632663 3.7140604833e-05 0.000371493319521
0.340093065798 0.0766357188206 -9.98244023681 0.000204308245624 7.42986671552e-05 0.000315764983228
0.335305804163 0.0431149516767 -9.98722793698 0.000204308245624 5.57283647387e-05 0.000408633948736
0.335305804163 0.0143716497975 -9.97765253663 0.000204308245624 3.7140604833e-05 0.000371493319521
0.325721413717 0.0335305795027 -9.95849354982 0.000167167632663 7.42986671552e-05 0.000352905579934
0.325721413717 0.0479022315843 -9.95849354982 0.000167167632663 3.7140604833e-05 0.000352905579934
0.35446471788 0.071848438913 -9.96328125 0.000204308245624 3.7140604833e-05 0.000371493319521
0.349677456245 0.0383178594103 -9.9728660059 0.000185737931016 1.85703024165e-05 0.000334335265326
0.349677456245 0.0191589297052 -10.0015992236 0.000222896001466 5.57283647387e-05 0.000334335265326
0.330508711897 0.00958436988993 -9.9728660059 0.000185737931016 7.42986671552e-05 0.000315764983228
0.335305804163 0.0670611590054 -9.99681152344 0.000185737931016 3.7140604833e-05 0.000334335265326
0.344880363978 0.0431149516767 -9.96806895018 0.000204308245624 9.2868965508e-05 0.000352905579934
0.35925201606 0.0287432995951 -9.98722793698 0.000185737931016 3.7140604833e-05 0.000371493319521
0.330508711897 0.0335305795027 -10.0207582104 0.000185737931016 5.57283647387e-05 0.000334335265326
0.349677456245 0.0574767913995 -9.98244023681 0.00013002702783 7.42986671552e-05 0.000352905579934
0.335305804163 0.0479022315843 -9.97765253663 0.00014859733431 1.85703024165e-05 0.000334335265326
0.349677456245 0.0383178594103 -10.0063962793 0.000222896001466 1.85703024165e-05 0.000352905579934
0.340093065798 0.0383178594103 -9.9536964941 0.000167167632663 0.00013002702783 0.000371493319521
0.296978127826 0.0526895114919 -9.9728660059 0.000260036598171 9.2868965508e-05 0.000352905579934
0.387995320223 0.0239462096128 -9.89621953368 0.000185737931016 7.42986671552e-05 0.000297194668621
0.325721413717 0.0910073709022 -9.9920249927 0.000241466299818 0.0 0.000408633948736
0.35925201606 -0.0191589297052 -9.97765253663 0.000222896001466 3.7140604833e-05 0.000260036598171
0.364039277695 0.0479022315843 -10.0542884839 0.000185737931016 3.7140604833e-05 0.000427204230834
0.35925201606 0.0383178594103 -10.0255552661 0.000167167632663 0.000111439271988 0.000334335265326
0.316146853901 0.0622738790978 -9.9728660059 0.000185737931016 3.7140604833e-05 0.000408633948736
0.35446471788 -0.0191589297052 -9.97765253663 0.000222896001466 0.00013002702783 0.000260036598171
0.268244636022 0.0383178594103 -9.98244023681 0.000167167632663 3.7140604833e-05 0.000352905579934
0.416728793755 0.0574767913995 -9.9536964941 0.000204308245624 7.42986671552e-05 0.000352905579934
0.301775220092 0.071848438913 -9.97765253663 0.000222896001466 0.0 0.000371493319521
0.383198227957 0.00478727990761 -9.93933456302 0.000204308245624 7.42986671552e-05 0.000315764983228
0.3065625 0.0526895114919 -9.94890996337 0.000185737931016 1.85703024165e-05 0.000352905579934
0.368836369962 0.110166302891 -10.0063962793 0.000260036598171 0.0 0.000334335265326
0.340093065798 -0.0431149516767 -9.90580428958 0.000167167632663 0.000111439271988 0.000371493319521
0.397569880038 0.0910073709022 -9.92975097656 0.000111439271988 -3.7140604833e-05 0.000315764983228
0.344880363978 0.15328125 -10.0351294971 0.000260036598171 -1.85703024165e-05 0.000352905579934
0.416728793755 -0.0862200909946 -9.9536964941 0.000260036598171 1.85703024165e-05 0.000315764983228
